545
88888888
63888888
48188888
58828888
36888888
84818888
85288888
88638888
88481888
88588288
88368888
88848188
88852888
88886388
88884818
88885882
88883688
88888481
88888528
88888863
18888848
82888858
88888836
81888884
28888885
63638888
63481888
63588288
63368888
63848188
63852888
63886388
63884818
63885882
63883688
63888481
63888528
63888863
63888836
44118888
48148188
48152888
48186388
48184818
48185882
48183688
48188481
48188528
48188863
42188858
48188836
41188884
55228888
58421888
58528288
58826388
58824818
58825882
58823688
58828481
58828528
58828863
52828858
58828836
51828884
36638888
36481888
36588288
36368888
36848188
36852888
36886388
36884818
36885882
36883688
36888481
36888528
36888863
36888836
84411888
84518288
84816388
84814818
84815882
84813688
84818481
84818528
84818863
14818848
84818836
24818885
85248188
85252888
85286388
85284818
85285882
85283688
85288481
85288528
85288863
15288848
85288836
25288885
88636388
88634818
88635882
88633688
88638481
88638528
88638863
18638848
82638858
88638836
81638884
28638885
88441188
88481481
88481528
88481863
18481848
82481858
88481836
81481884
28481885
88552288
88584218
88585282
88588263
18588248
82588258
88588236
81588284
28588285
88366388
88364818
88365882
88363688
88368481
88368528
88368863
18368848
82368858
88368836
81368884
28368885
88844118
88845182
88848163
18848148
82848158
88848136
81848184
28848185
88852481
88852528
88852863
18852848
82852858
88852836
81852884
28852885
88886363
18886348
82886358
88886336
81886384
28886385
88884411
81884814
28884815
88885522
18885842
82885852
88883663
18883648
82883658
88883636
81883684
28883685
18888441
82888451
81888524
28888525
11888844
22888855
63636388
63634818
63635882
63633688
63638481
63638528
63638863
63638836
63441188
63481481
63481528
63481863
63481836
63552288
63584218
63585282
63588263
63588236
63366388
63364818
63365882
63363688
63368481
63368528
63368863
63368836
63844118
63845182
63848163
63848136
63852481
63852528
63852863
63852836
63886363
63886336
63884411
63885522
63883663
63883636
44116388
44114818
44115882
44113688
44118481
44118528
44118863
44118836
48144118
48145182
48148163
42148158
48148136
41148184
48152481
48152528
48152863
42152858
48152836
41152884
48186363
42186358
48186336
41186384
48184411
41184814
48185522
42185852
48183663
42183658
48183636
41183684
42188451
41188524
55226388
55224818
55225882
55223688
55228481
55228528
55228863
55228836
58421481
58421528
58421863
52421858
58421836
51421884
58524218
58525282
58528263
52528258
58528236
51528284
58826363
52826358
58826336
51826384
58824411
51824814
58825522
52825852
58823663
52823658
58823636
51823684
52828451
51828524
36636388
36634818
36635882
36633688
36638481
36638528
36638863
36638836
36441188
36481481
36481528
36481863
36481836
36552288
36584218
36585282
36588263
36588236
36366388
36364818
36365882
36363688
36368481
36368528
36368863
36368836
36844118
36845182
36848163
36848136
36852481
36852528
36852863
36852836
36886363
36886336
36884411
36885522
36883663
36883636
84411481
84411528
84411863
14411848
84411836
24411885
84514218
84515282
84518263
14518248
84518236
24518285
84816363
14816348
84816336
24816385
84814411
24814815
84815522
14815842
84813663
14813648
84813636
24813685
14818441
24818525
85244118
85245182
85248163
15248148
85248136
25248185
85252481
85252528
85252863
15252848
85252836
25252885
85286363
15286348
85286336
25286385
85284411
25284815
85285522
15285842
85283663
15283648
85283636
25283685
15288441
25288525
88636363
18636348
82636358
88636336
81636384
28636385
88634411
81634814
28634815
88635522
18635842
82635852
88633663
18633648
82633658
88633636
81633684
28633685
18638441
82638451
81638524
28638525
11638844
22638855
88441163
18441148
82441158
88441136
81441184
28441185
18481441
82481451
81481524
28481525
11481844
22481855
88552263
18552248
82552258
88552236
81552284
28552285
81584214
28584215
18585242
82585252
11588244
22588255
88366363
18366348
82366358
88366336
81366384
28366385
88364411
81364814
28364815
88365522
18365842
82365852
88363663
18363648
82363658
88363636
81363684
28363685
18368441
82368451
81368524
28368525
11368844
22368855
81844114
28844115
18845142
82845152
11848144
22848155
18852441
82852451
81852524
28852525
11852844
22852855
11886344
22886355
11883644
22883655
63636363
63636336
63634411
63635522
63633663
63633636
63441163
63441136
63552263
63552236
63366363
63366336
63364411
63365522
63363663
63363636
44116363
44116336
44114411
44115522
44113663
44113636
41144114
42145152
42152451
41152524
55226363
55226336
55224411
55225522
55223663
55223636
52421451
51421524
51524214
52525252
36636363
36636336
36634411
36635522
36633663
36633636
36441163
36441136
36552263
36552236
36366363
36366336
36364411
36365522
36363663
36363636
14411441
24411525
24514215
14515242
25244115
15245142
15252441
25252525
11636344
22636355
11633644
22633655
11441144
22441155
11552244
22552255
11366344
22366355
11363644
22363655
3200
0 0 491
0 0 492
0 0 501
0 0 502
0 0 537
0 0 538
0 0 539
0 0 540
0 2 491
0 2 492
0 3 501
0 3 502
0 5 491
0 5 492
0 6 501
0 6 502
0 8 537
0 8 538
0 9 539
0 9 540
0 11 537
0 11 538
0 12 539
0 12 540
0 14 491
0 14 501
0 15 492
0 15 502
0 17 491
0 17 501
0 18 492
0 18 502
0 20 537
0 20 539
0 21 538
0 21 540
0 23 537
0 23 539
0 24 538
0 24 540
0 39 167
0 39 170
0 39 249
0 39 251
0 39 349
0 39 351
0 39 491
0 39 492
0 43 491
0 44 492
0 46 491
0 47 492
0 52 167
0 52 170
0 52 283
0 52 285
0 52 375
0 52 377
0 52 501
0 52 502
0 56 501
0 57 502
0 59 501
0 60 502
0 82 491
0 83 492
0 85 491
0 86 492
0 94 501
0 95 502
0 97 501
0 98 502
0 115 183
0 115 184
0 115 419
0 115 420
0 115 461
0 115 462
0 115 537
0 115 538
0 119 537
0 120 538
0 122 537
0 123 538
0 124 183
0 124 184
0 124 431
0 124 432
0 124 467
0 124 468
0 124 539
0 124 540
0 128 539
0 129 540
0 131 539
0 132 540
0 148 537
0 149 538
0 151 537
0 152 538
0 156 539
0 157 540
0 159 539
0 160 540
0 167 39
0 167 52
0 167 226
0 167 229
0 167 260
0 167 263
0 167 491
0 167 501
0 170 39
0 170 52
0 170 227
0 170 230
0 170 261
0 170 264
0 170 492
0 170 502
0 183 115
0 183 124
0 183 410
0 183 413
0 183 422
0 183 425
0 183 537
0 183 539
0 184 115
0 184 124
0 184 411
0 184 414
0 184 423
0 184 426
0 184 538
0 184 540
0 226 167
0 226 249
0 226 349
0 226 491
0 227 170
0 227 251
0 227 351
0 227 492
0 229 167
0 229 249
0 229 349
0 229 491
0 230 170
0 230 251
0 230 351
0 230 492
0 249 39
0 249 226
0 249 229
0 249 491
0 251 39
0 251 227
0 251 230
0 251 492
0 260 167
0 260 283
0 260 375
0 260 501
0 261 170
0 261 285
0 261 377
0 261 502
0 263 167
0 263 283
0 263 375
0 263 501
0 264 170
0 264 285
0 264 377
0 264 502
0 283 52
0 283 260
0 283 263
0 283 501
0 285 52
0 285 261
0 285 264
0 285 502
0 349 39
0 349 226
0 349 229
0 349 491
0 351 39
0 351 227
0 351 230
0 351 492
0 375 52
0 375 260
0 375 263
0 375 501
0 377 52
0 377 261
0 377 264
0 377 502
0 410 183
0 410 419
0 410 461
0 410 537
0 411 184
0 411 420
0 411 462
0 411 538
0 413 183
0 413 419
0 413 461
0 413 537
0 414 184
0 414 420
0 414 462
0 414 538
0 419 115
0 419 410
0 419 413
0 419 537
0 420 115
0 420 411
0 420 414
0 420 538
0 422 183
0 422 431
0 422 467
0 422 539
0 423 184
0 423 432
0 423 468
0 423 540
0 425 183
0 425 431
0 425 467
0 425 539
0 426 184
0 426 432
0 426 468
0 426 540
0 431 124
0 431 422
0 431 425
0 431 539
0 432 124
0 432 423
0 432 426
0 432 540
0 461 115
0 461 410
0 461 413
0 461 537
0 462 115
0 462 411
0 462 414
0 462 538
0 467 124
0 467 422
0 467 425
0 467 539
0 468 124
0 468 423
0 468 426
0 468 540
0 491 0
0 491 2
0 491 5
0 491 14
0 491 17
0 491 39
0 491 43
0 491 46
0 491 82
0 491 85
0 491 167
0 491 226
0 491 229
0 491 249
0 491 349
0 491 491
0 492 0
0 492 2
0 492 5
0 492 15
0 492 18
0 492 39
0 492 44
0 492 47
0 492 83
0 492 86
0 492 170
0 492 227
0 492 230
0 492 251
0 492 351
0 492 492
0 501 0
0 501 3
0 501 6
0 501 14
0 501 17
0 501 52
0 501 56
0 501 59
0 501 94
0 501 97
0 501 167
0 501 260
0 501 263
0 501 283
0 501 375
0 501 501
0 502 0
0 502 3
0 502 6
0 502 15
0 502 18
0 502 52
0 502 57
0 502 60
0 502 95
0 502 98
0 502 170
0 502 261
0 502 264
0 502 285
0 502 377
0 502 502
0 537 0
0 537 8
0 537 11
0 537 20
0 537 23
0 537 115
0 537 119
0 537 122
0 537 148
0 537 151
0 537 183
0 537 410
0 537 413
0 537 419
0 537 461
0 537 537
0 538 0
0 538 8
0 538 11
0 538 21
0 538 24
0 538 115
0 538 120
0 538 123
0 538 149
0 538 152
0 538 184
0 538 411
0 538 414
0 538 420
0 538 462
0 538 538
0 539 0
0 539 9
0 539 12
0 539 20
0 539 23
0 539 124
0 539 128
0 539 131
0 539 156
0 539 159
0 539 183
0 539 422
0 539 425
0 539 431
0 539 467
0 539 539
0 540 0
0 540 9
0 540 12
0 540 21
0 540 24
0 540 124
0 540 129
0 540 132
0 540 157
0 540 160
0 540 184
0 540 423
0 540 426
0 540 432
0 540 468
0 540 540
2 0 491
2 0 492
2 5 249
2 5 251
2 14 491
2 15 492
2 17 491
2 18 492
2 39 167
2 39 170
2 82 249
2 83 251
2 85 249
2 86 251
2 167 39
2 167 226
2 167 229
2 167 491
2 170 39
2 170 227
2 170 230
2 170 492
2 226 167
2 227 170
2 229 167
2 230 170
2 349 2
2 349 43
2 349 46
2 349 249
2 351 2
2 351 44
2 351 47
2 351 251
2 491 0
2 491 14
2 491 17
2 491 167
2 492 0
2 492 15
2 492 18
2 492 170
3 0 501
3 0 502
3 6 283
3 6 285
3 14 501
3 15 502
3 17 501
3 18 502
3 52 167
3 52 170
3 94 283
3 95 285
3 97 283
3 98 285
3 167 52
3 167 260
3 167 263
3 167 501
3 170 52
3 170 261
3 170 264
3 170 502
3 260 167
3 261 170
3 263 167
3 264 170
3 375 3
3 375 56
3 375 59
3 375 283
3 377 3
3 377 57
3 377 60
3 377 285
3 501 0
3 501 14
3 501 17
3 501 167
3 502 0
3 502 15
3 502 18
3 502 170
5 0 491
5 0 492
5 2 349
5 2 351
5 14 491
5 15 492
5 17 491
5 18 492
5 39 167
5 39 170
5 43 349
5 44 351
5 46 349
5 47 351
5 167 39
5 167 226
5 167 229
5 167 491
5 170 39
5 170 227
5 170 230
5 170 492
5 226 167
5 227 170
5 229 167
5 230 170
5 249 5
5 249 82
5 249 85
5 249 349
5 251 5
5 251 83
5 251 86
5 251 351
5 491 0
5 491 14
5 491 17
5 491 167
5 492 0
5 492 15
5 492 18
5 492 170
6 0 501
6 0 502
6 3 375
6 3 377
6 14 501
6 15 502
6 17 501
6 18 502
6 52 167
6 52 170
6 56 375
6 57 377
6 59 375
6 60 377
6 167 52
6 167 260
6 167 263
6 167 501
6 170 52
6 170 261
6 170 264
6 170 502
6 260 167
6 261 170
6 263 167
6 264 170
6 283 6
6 283 94
6 283 97
6 283 375
6 285 6
6 285 95
6 285 98
6 285 377
6 501 0
6 501 14
6 501 17
6 501 167
6 502 0
6 502 15
6 502 18
6 502 170
8 0 537
8 0 538
8 11 419
8 11 420
8 20 537
8 21 538
8 23 537
8 24 538
8 115 183
8 115 184
8 148 419
8 149 420
8 151 419
8 152 420
8 183 115
8 183 410
8 183 413
8 183 537
8 184 115
8 184 411
8 184 414
8 184 538
8 410 183
8 411 184
8 413 183
8 414 184
8 461 8
8 461 119
8 461 122
8 461 419
8 462 8
8 462 120
8 462 123
8 462 420
8 537 0
8 537 20
8 537 23
8 537 183
8 538 0
8 538 21
8 538 24
8 538 184
9 0 539
9 0 540
9 12 431
9 12 432
9 20 539
9 21 540
9 23 539
9 24 540
9 124 183
9 124 184
9 156 431
9 157 432
9 159 431
9 160 432
9 183 124
9 183 422
9 183 425
9 183 539
9 184 124
9 184 423
9 184 426
9 184 540
9 422 183
9 423 184
9 425 183
9 426 184
9 467 9
9 467 128
9 467 131
9 467 431
9 468 9
9 468 129
9 468 132
9 468 432
9 539 0
9 539 20
9 539 23
9 539 183
9 540 0
9 540 21
9 540 24
9 540 184
11 0 537
11 0 538
11 8 461
11 8 462
11 20 537
11 21 538
11 23 537
11 24 538
11 115 183
11 115 184
11 119 461
11 120 462
11 122 461
11 123 462
11 183 115
11 183 410
11 183 413
11 183 537
11 184 115
11 184 411
11 184 414
11 184 538
11 410 183
11 411 184
11 413 183
11 414 184
11 419 11
11 419 148
11 419 151
11 419 461
11 420 11
11 420 149
11 420 152
11 420 462
11 537 0
11 537 20
11 537 23
11 537 183
11 538 0
11 538 21
11 538 24
11 538 184
12 0 539
12 0 540
12 9 467
12 9 468
12 20 539
12 21 540
12 23 539
12 24 540
12 124 183
12 124 184
12 128 467
12 129 468
12 131 467
12 132 468
12 183 124
12 183 422
12 183 425
12 183 539
12 184 124
12 184 423
12 184 426
12 184 540
12 422 183
12 423 184
12 425 183
12 426 184
12 431 12
12 431 156
12 431 159
12 431 467
12 432 12
12 432 157
12 432 160
12 432 468
12 539 0
12 539 20
12 539 23
12 539 183
12 540 0
12 540 21
12 540 24
12 540 184
14 0 491
14 0 501
14 2 491
14 3 501
14 5 491
14 6 501
14 17 226
14 17 260
14 39 167
14 39 249
14 39 349
14 39 491
14 46 226
14 52 167
14 52 283
14 52 375
14 52 501
14 59 260
14 85 226
14 97 260
14 167 39
14 167 52
14 229 14
14 229 43
14 229 82
14 229 226
14 249 39
14 263 14
14 263 56
14 263 94
14 263 260
14 283 52
14 349 39
14 375 52
14 491 0
14 491 2
14 491 5
14 491 39
14 501 0
14 501 3
14 501 6
14 501 52
15 0 492
15 0 502
15 2 492
15 3 502
15 5 492
15 6 502
15 18 227
15 18 261
15 39 170
15 39 251
15 39 351
15 39 492
15 47 227
15 52 170
15 52 285
15 52 377
15 52 502
15 60 261
15 86 227
15 98 261
15 170 39
15 170 52
15 230 15
15 230 44
15 230 83
15 230 227
15 251 39
15 264 15
15 264 57
15 264 95
15 264 261
15 285 52
15 351 39
15 377 52
15 492 0
15 492 2
15 492 5
15 492 39
15 502 0
15 502 3
15 502 6
15 502 52
17 0 491
17 0 501
17 2 491
17 3 501
17 5 491
17 6 501
17 14 229
17 14 263
17 39 167
17 39 249
17 39 349
17 39 491
17 43 229
17 52 167
17 52 283
17 52 375
17 52 501
17 56 263
17 82 229
17 94 263
17 167 39
17 167 52
17 226 17
17 226 46
17 226 85
17 226 229
17 249 39
17 260 17
17 260 59
17 260 97
17 260 263
17 283 52
17 349 39
17 375 52
17 491 0
17 491 2
17 491 5
17 491 39
17 501 0
17 501 3
17 501 6
17 501 52
18 0 492
18 0 502
18 2 492
18 3 502
18 5 492
18 6 502
18 15 230
18 15 264
18 39 170
18 39 251
18 39 351
18 39 492
18 44 230
18 52 170
18 52 285
18 52 377
18 52 502
18 57 264
18 83 230
18 95 264
18 170 39
18 170 52
18 227 18
18 227 47
18 227 86
18 227 230
18 251 39
18 261 18
18 261 60
18 261 98
18 261 264
18 285 52
18 351 39
18 377 52
18 492 0
18 492 2
18 492 5
18 492 39
18 502 0
18 502 3
18 502 6
18 502 52
20 0 537
20 0 539
20 8 537
20 9 539
20 11 537
20 12 539
20 23 410
20 23 422
20 115 183
20 115 419
20 115 461
20 115 537
20 122 410
20 124 183
20 124 431
20 124 467
20 124 539
20 131 422
20 151 410
20 159 422
20 183 115
20 183 124
20 413 20
20 413 119
20 413 148
20 413 410
20 419 115
20 425 20
20 425 128
20 425 156
20 425 422
20 431 124
20 461 115
20 467 124
20 537 0
20 537 8
20 537 11
20 537 115
20 539 0
20 539 9
20 539 12
20 539 124
21 0 538
21 0 540
21 8 538
21 9 540
21 11 538
21 12 540
21 24 411
21 24 423
21 115 184
21 115 420
21 115 462
21 115 538
21 123 411
21 124 184
21 124 432
21 124 468
21 124 540
21 132 423
21 152 411
21 160 423
21 184 115
21 184 124
21 414 21
21 414 120
21 414 149
21 414 411
21 420 115
21 426 21
21 426 129
21 426 157
21 426 423
21 432 124
21 462 115
21 468 124
21 538 0
21 538 8
21 538 11
21 538 115
21 540 0
21 540 9
21 540 12
21 540 124
23 0 537
23 0 539
23 8 537
23 9 539
23 11 537
23 12 539
23 20 413
23 20 425
23 115 183
23 115 419
23 115 461
23 115 537
23 119 413
23 124 183
23 124 431
23 124 467
23 124 539
23 128 425
23 148 413
23 156 425
23 183 115
23 183 124
23 410 23
23 410 122
23 410 151
23 410 413
23 419 115
23 422 23
23 422 131
23 422 159
23 422 425
23 431 124
23 461 115
23 467 124
23 537 0
23 537 8
23 537 11
23 537 115
23 539 0
23 539 9
23 539 12
23 539 124
24 0 538
24 0 540
24 8 538
24 9 540
24 11 538
24 12 540
24 21 414
24 21 426
24 115 184
24 115 420
24 115 462
24 115 538
24 120 414
24 124 184
24 124 432
24 124 468
24 124 540
24 129 426
24 149 414
24 157 426
24 184 115
24 184 124
24 411 24
24 411 123
24 411 152
24 411 414
24 420 115
24 423 24
24 423 132
24 423 160
24 423 426
24 432 124
24 462 115
24 468 124
24 538 0
24 538 8
24 538 11
24 538 115
24 540 0
24 540 9
24 540 12
24 540 124
39 0 167
39 0 170
39 0 249
39 0 251
39 0 349
39 0 351
39 0 491
39 0 492
39 2 167
39 2 170
39 5 167
39 5 170
39 14 167
39 14 249
39 14 349
39 14 491
39 15 170
39 15 251
39 15 351
39 15 492
39 17 167
39 17 249
39 17 349
39 17 491
39 18 170
39 18 251
39 18 351
39 18 492
39 39 167
39 39 170
39 43 167
39 44 170
39 46 167
39 47 170
39 82 167
39 83 170
39 85 167
39 86 170
39 167 0
39 167 2
39 167 5
39 167 14
39 167 17
39 167 39
39 167 43
39 167 46
39 167 82
39 167 85
39 167 167
39 167 226
39 167 229
39 167 249
39 167 349
39 167 491
39 170 0
39 170 2
39 170 5
39 170 15
39 170 18
39 170 39
39 170 44
39 170 47
39 170 83
39 170 86
39 170 170
39 170 227
39 170 230
39 170 251
39 170 351
39 170 492
39 226 167
39 227 170
39 229 167
39 230 170
39 249 0
39 249 14
39 249 17
39 249 167
39 251 0
39 251 15
39 251 18
39 251 170
39 349 0
39 349 14
39 349 17
39 349 167
39 351 0
39 351 15
39 351 18
39 351 170
39 491 0
39 491 14
39 491 17
39 491 167
39 492 0
39 492 15
39 492 18
39 492 170
43 0 491
43 5 249
43 17 226
43 39 167
43 85 43
43 167 39
43 229 14
43 349 2
43 491 0
44 0 492
44 5 251
44 18 227
44 39 170
44 86 44
44 170 39
44 230 15
44 351 2
44 492 0
46 0 491
46 5 249
46 14 229
46 39 167
46 82 46
46 167 39
46 226 17
46 349 2
46 491 0
47 0 492
47 5 251
47 15 230
47 39 170
47 83 47
47 170 39
47 227 18
47 351 2
47 492 0
52 0 167
52 0 170
52 0 283
52 0 285
52 0 375
52 0 377
52 0 501
52 0 502
52 3 167
52 3 170
52 6 167
52 6 170
52 14 167
52 14 283
52 14 375
52 14 501
52 15 170
52 15 285
52 15 377
52 15 502
52 17 167
52 17 283
52 17 375
52 17 501
52 18 170
52 18 285
52 18 377
52 18 502
52 52 167
52 52 170
52 56 167
52 57 170
52 59 167
52 60 170
52 94 167
52 95 170
52 97 167
52 98 170
52 167 0
52 167 3
52 167 6
52 167 14
52 167 17
52 167 52
52 167 56
52 167 59
52 167 94
52 167 97
52 167 167
52 167 260
52 167 263
52 167 283
52 167 375
52 167 501
52 170 0
52 170 3
52 170 6
52 170 15
52 170 18
52 170 52
52 170 57
52 170 60
52 170 95
52 170 98
52 170 170
52 170 261
52 170 264
52 170 285
52 170 377
52 170 502
52 260 167
52 261 170
52 263 167
52 264 170
52 283 0
52 283 14
52 283 17
52 283 167
52 285 0
52 285 15
52 285 18
52 285 170
52 375 0
52 375 14
52 375 17
52 375 167
52 377 0
52 377 15
52 377 18
52 377 170
52 501 0
52 501 14
52 501 17
52 501 167
52 502 0
52 502 15
52 502 18
52 502 170
56 0 501
56 6 283
56 17 260
56 52 167
56 97 56
56 167 52
56 263 14
56 375 3
56 501 0
57 0 502
57 6 285
57 18 261
57 52 170
57 98 57
57 170 52
57 264 15
57 377 3
57 502 0
59 0 501
59 6 283
59 14 263
59 52 167
59 94 59
59 167 52
59 260 17
59 375 3
59 501 0
60 0 502
60 6 285
60 15 264
60 52 170
60 95 60
60 170 52
60 261 18
60 377 3
60 502 0
82 0 491
82 2 349
82 17 226
82 39 167
82 46 82
82 167 39
82 229 14
82 249 5
82 491 0
83 0 492
83 2 351
83 18 227
83 39 170
83 47 83
83 170 39
83 230 15
83 251 5
83 492 0
85 0 491
85 2 349
85 14 229
85 39 167
85 43 85
85 167 39
85 226 17
85 249 5
85 491 0
86 0 492
86 2 351
86 15 230
86 39 170
86 44 86
86 170 39
86 227 18
86 251 5
86 492 0
94 0 501
94 3 375
94 17 260
94 52 167
94 59 94
94 167 52
94 263 14
94 283 6
94 501 0
95 0 502
95 3 377
95 18 261
95 52 170
95 60 95
95 170 52
95 264 15
95 285 6
95 502 0
97 0 501
97 3 375
97 14 263
97 52 167
97 56 97
97 167 52
97 260 17
97 283 6
97 501 0
98 0 502
98 3 377
98 15 264
98 52 170
98 57 98
98 170 52
98 261 18
98 285 6
98 502 0
115 0 183
115 0 184
115 0 419
115 0 420
115 0 461
115 0 462
115 0 537
115 0 538
115 8 183
115 8 184
115 11 183
115 11 184
115 20 183
115 20 419
115 20 461
115 20 537
115 21 184
115 21 420
115 21 462
115 21 538
115 23 183
115 23 419
115 23 461
115 23 537
115 24 184
115 24 420
115 24 462
115 24 538
115 115 183
115 115 184
115 119 183
115 120 184
115 122 183
115 123 184
115 148 183
115 149 184
115 151 183
115 152 184
115 183 0
115 183 8
115 183 11
115 183 20
115 183 23
115 183 115
115 183 119
115 183 122
115 183 148
115 183 151
115 183 183
115 183 410
115 183 413
115 183 419
115 183 461
115 183 537
115 184 0
115 184 8
115 184 11
115 184 21
115 184 24
115 184 115
115 184 120
115 184 123
115 184 149
115 184 152
115 184 184
115 184 411
115 184 414
115 184 420
115 184 462
115 184 538
115 410 183
115 411 184
115 413 183
115 414 184
115 419 0
115 419 20
115 419 23
115 419 183
115 420 0
115 420 21
115 420 24
115 420 184
115 461 0
115 461 20
115 461 23
115 461 183
115 462 0
115 462 21
115 462 24
115 462 184
115 537 0
115 537 20
115 537 23
115 537 183
115 538 0
115 538 21
115 538 24
115 538 184
119 0 537
119 11 419
119 23 410
119 115 183
119 151 119
119 183 115
119 413 20
119 461 8
119 537 0
120 0 538
120 11 420
120 24 411
120 115 184
120 152 120
120 184 115
120 414 21
120 462 8
120 538 0
122 0 537
122 11 419
122 20 413
122 115 183
122 148 122
122 183 115
122 410 23
122 461 8
122 537 0
123 0 538
123 11 420
123 21 414
123 115 184
123 149 123
123 184 115
123 411 24
123 462 8
123 538 0
124 0 183
124 0 184
124 0 431
124 0 432
124 0 467
124 0 468
124 0 539
124 0 540
124 9 183
124 9 184
124 12 183
124 12 184
124 20 183
124 20 431
124 20 467
124 20 539
124 21 184
124 21 432
124 21 468
124 21 540
124 23 183
124 23 431
124 23 467
124 23 539
124 24 184
124 24 432
124 24 468
124 24 540
124 124 183
124 124 184
124 128 183
124 129 184
124 131 183
124 132 184
124 156 183
124 157 184
124 159 183
124 160 184
124 183 0
124 183 9
124 183 12
124 183 20
124 183 23
124 183 124
124 183 128
124 183 131
124 183 156
124 183 159
124 183 183
124 183 422
124 183 425
124 183 431
124 183 467
124 183 539
124 184 0
124 184 9
124 184 12
124 184 21
124 184 24
124 184 124
124 184 129
124 184 132
124 184 157
124 184 160
124 184 184
124 184 423
124 184 426
124 184 432
124 184 468
124 184 540
124 422 183
124 423 184
124 425 183
124 426 184
124 431 0
124 431 20
124 431 23
124 431 183
124 432 0
124 432 21
124 432 24
124 432 184
124 467 0
124 467 20
124 467 23
124 467 183
124 468 0
124 468 21
124 468 24
124 468 184
124 539 0
124 539 20
124 539 23
124 539 183
124 540 0
124 540 21
124 540 24
124 540 184
128 0 539
128 12 431
128 23 422
128 124 183
128 159 128
128 183 124
128 425 20
128 467 9
128 539 0
129 0 540
129 12 432
129 24 423
129 124 184
129 160 129
129 184 124
129 426 21
129 468 9
129 540 0
131 0 539
131 12 431
131 20 425
131 124 183
131 156 131
131 183 124
131 422 23
131 467 9
131 539 0
132 0 540
132 12 432
132 21 426
132 124 184
132 157 132
132 184 124
132 423 24
132 468 9
132 540 0
148 0 537
148 8 461
148 23 410
148 115 183
148 122 148
148 183 115
148 413 20
148 419 11
148 537 0
149 0 538
149 8 462
149 24 411
149 115 184
149 123 149
149 184 115
149 414 21
149 420 11
149 538 0
151 0 537
151 8 461
151 20 413
151 115 183
151 119 151
151 183 115
151 410 23
151 419 11
151 537 0
152 0 538
152 8 462
152 21 414
152 115 184
152 120 152
152 184 115
152 411 24
152 420 11
152 538 0
156 0 539
156 9 467
156 23 422
156 124 183
156 131 156
156 183 124
156 425 20
156 431 12
156 539 0
157 0 540
157 9 468
157 24 423
157 124 184
157 132 157
157 184 124
157 426 21
157 432 12
157 540 0
159 0 539
159 9 467
159 20 425
159 124 183
159 128 159
159 183 124
159 422 23
159 431 12
159 539 0
160 0 540
160 9 468
160 21 426
160 124 184
160 129 160
160 184 124
160 423 24
160 432 12
160 540 0
167 0 39
167 0 52
167 0 226
167 0 229
167 0 260
167 0 263
167 0 491
167 0 501
167 2 39
167 2 226
167 2 229
167 2 491
167 3 52
167 3 260
167 3 263
167 3 501
167 5 39
167 5 226
167 5 229
167 5 491
167 6 52
167 6 260
167 6 263
167 6 501
167 14 39
167 14 52
167 17 39
167 17 52
167 39 0
167 39 2
167 39 5
167 39 14
167 39 17
167 39 39
167 39 43
167 39 46
167 39 82
167 39 85
167 39 167
167 39 226
167 39 229
167 39 249
167 39 349
167 39 491
167 43 39
167 46 39
167 52 0
167 52 3
167 52 6
167 52 14
167 52 17
167 52 52
167 52 56
167 52 59
167 52 94
167 52 97
167 52 167
167 52 260
167 52 263
167 52 283
167 52 375
167 52 501
167 56 52
167 59 52
167 82 39
167 85 39
167 94 52
167 97 52
167 167 39
167 167 52
167 226 0
167 226 2
167 226 5
167 226 39
167 229 0
167 229 2
167 229 5
167 229 39
167 249 39
167 260 0
167 260 3
167 260 6
167 260 52
167 263 0
167 263 3
167 263 6
167 263 52
167 283 52
167 349 39
167 375 52
167 491 0
167 491 2
167 491 5
167 491 39
167 501 0
167 501 3
167 501 6
167 501 52
170 0 39
170 0 52
170 0 227
170 0 230
170 0 261
170 0 264
170 0 492
170 0 502
170 2 39
170 2 227
170 2 230
170 2 492
170 3 52
170 3 261
170 3 264
170 3 502
170 5 39
170 5 227
170 5 230
170 5 492
170 6 52
170 6 261
170 6 264
170 6 502
170 15 39
170 15 52
170 18 39
170 18 52
170 39 0
170 39 2
170 39 5
170 39 15
170 39 18
170 39 39
170 39 44
170 39 47
170 39 83
170 39 86
170 39 170
170 39 227
170 39 230
170 39 251
170 39 351
170 39 492
170 44 39
170 47 39
170 52 0
170 52 3
170 52 6
170 52 15
170 52 18
170 52 52
170 52 57
170 52 60
170 52 95
170 52 98
170 52 170
170 52 261
170 52 264
170 52 285
170 52 377
170 52 502
170 57 52
170 60 52
170 83 39
170 86 39
170 95 52
170 98 52
170 170 39
170 170 52
170 227 0
170 227 2
170 227 5
170 227 39
170 230 0
170 230 2
170 230 5
170 230 39
170 251 39
170 261 0
170 261 3
170 261 6
170 261 52
170 264 0
170 264 3
170 264 6
170 264 52
170 285 52
170 351 39
170 377 52
170 492 0
170 492 2
170 492 5
170 492 39
170 502 0
170 502 3
170 502 6
170 502 52
183 0 115
183 0 124
183 0 410
183 0 413
183 0 422
183 0 425
183 0 537
183 0 539
183 8 115
183 8 410
183 8 413
183 8 537
183 9 124
183 9 422
183 9 425
183 9 539
183 11 115
183 11 410
183 11 413
183 11 537
183 12 124
183 12 422
183 12 425
183 12 539
183 20 115
183 20 124
183 23 115
183 23 124
183 115 0
183 115 8
183 115 11
183 115 20
183 115 23
183 115 115
183 115 119
183 115 122
183 115 148
183 115 151
183 115 183
183 115 410
183 115 413
183 115 419
183 115 461
183 115 537
183 119 115
183 122 115
183 124 0
183 124 9
183 124 12
183 124 20
183 124 23
183 124 124
183 124 128
183 124 131
183 124 156
183 124 159
183 124 183
183 124 422
183 124 425
183 124 431
183 124 467
183 124 539
183 128 124
183 131 124
183 148 115
183 151 115
183 156 124
183 159 124
183 183 115
183 183 124
183 410 0
183 410 8
183 410 11
183 410 115
183 413 0
183 413 8
183 413 11
183 413 115
183 419 115
183 422 0
183 422 9
183 422 12
183 422 124
183 425 0
183 425 9
183 425 12
183 425 124
183 431 124
183 461 115
183 467 124
183 537 0
183 537 8
183 537 11
183 537 115
183 539 0
183 539 9
183 539 12
183 539 124
184 0 115
184 0 124
184 0 411
184 0 414
184 0 423
184 0 426
184 0 538
184 0 540
184 8 115
184 8 411
184 8 414
184 8 538
184 9 124
184 9 423
184 9 426
184 9 540
184 11 115
184 11 411
184 11 414
184 11 538
184 12 124
184 12 423
184 12 426
184 12 540
184 21 115
184 21 124
184 24 115
184 24 124
184 115 0
184 115 8
184 115 11
184 115 21
184 115 24
184 115 115
184 115 120
184 115 123
184 115 149
184 115 152
184 115 184
184 115 411
184 115 414
184 115 420
184 115 462
184 115 538
184 120 115
184 123 115
184 124 0
184 124 9
184 124 12
184 124 21
184 124 24
184 124 124
184 124 129
184 124 132
184 124 157
184 124 160
184 124 184
184 124 423
184 124 426
184 124 432
184 124 468
184 124 540
184 129 124
184 132 124
184 149 115
184 152 115
184 157 124
184 160 124
184 184 115
184 184 124
184 411 0
184 411 8
184 411 11
184 411 115
184 414 0
184 414 8
184 414 11
184 414 115
184 420 115
184 423 0
184 423 9
184 423 12
184 423 124
184 426 0
184 426 9
184 426 12
184 426 124
184 432 124
184 462 115
184 468 124
184 538 0
184 538 8
184 538 11
184 538 115
184 540 0
184 540 9
184 540 12
184 540 124
226 0 167
226 0 249
226 0 349
226 0 491
226 2 167
226 5 167
226 17 14
226 17 43
226 17 82
226 17 226
226 39 167
226 46 14
226 85 14
226 167 0
226 167 2
226 167 5
226 167 39
226 229 14
226 249 0
226 349 0
226 491 0
227 0 170
227 0 251
227 0 351
227 0 492
227 2 170
227 5 170
227 18 15
227 18 44
227 18 83
227 18 227
227 39 170
227 47 15
227 86 15
227 170 0
227 170 2
227 170 5
227 170 39
227 230 15
227 251 0
227 351 0
227 492 0
229 0 167
229 0 249
229 0 349
229 0 491
229 2 167
229 5 167
229 14 17
229 14 46
229 14 85
229 14 229
229 39 167
229 43 17
229 82 17
229 167 0
229 167 2
229 167 5
229 167 39
229 226 17
229 249 0
229 349 0
229 491 0
230 0 170
230 0 251
230 0 351
230 0 492
230 2 170
230 5 170
230 15 18
230 15 47
230 15 86
230 15 230
230 39 170
230 44 18
230 83 18
230 170 0
230 170 2
230 170 5
230 170 39
230 227 18
230 251 0
230 351 0
230 492 0
249 0 39
249 0 226
249 0 229
249 0 491
249 5 2
249 5 43
249 5 46
249 5 249
249 14 39
249 17 39
249 39 0
249 39 14
249 39 17
249 39 167
249 82 2
249 85 2
249 167 39
249 226 0
249 229 0
249 349 2
249 491 0
251 0 39
251 0 227
251 0 230
251 0 492
251 5 2
251 5 44
251 5 47
251 5 251
251 15 39
251 18 39
251 39 0
251 39 15
251 39 18
251 39 170
251 83 2
251 86 2
251 170 39
251 227 0
251 230 0
251 351 2
251 492 0
260 0 167
260 0 283
260 0 375
260 0 501
260 3 167
260 6 167
260 17 14
260 17 56
260 17 94
260 17 260
260 52 167
260 59 14
260 97 14
260 167 0
260 167 3
260 167 6
260 167 52
260 263 14
260 283 0
260 375 0
260 501 0
261 0 170
261 0 285
261 0 377
261 0 502
261 3 170
261 6 170
261 18 15
261 18 57
261 18 95
261 18 261
261 52 170
261 60 15
261 98 15
261 170 0
261 170 3
261 170 6
261 170 52
261 264 15
261 285 0
261 377 0
261 502 0
263 0 167
263 0 283
263 0 375
263 0 501
263 3 167
263 6 167
263 14 17
263 14 59
263 14 97
263 14 263
263 52 167
263 56 17
263 94 17
263 167 0
263 167 3
263 167 6
263 167 52
263 260 17
263 283 0
263 375 0
263 501 0
264 0 170
264 0 285
264 0 377
264 0 502
264 3 170
264 6 170
264 15 18
264 15 60
264 15 98
264 15 264
264 52 170
264 57 18
264 95 18
264 170 0
264 170 3
264 170 6
264 170 52
264 261 18
264 285 0
264 377 0
264 502 0
283 0 52
283 0 260
283 0 263
283 0 501
283 6 3
283 6 56
283 6 59
283 6 283
283 14 52
283 17 52
283 52 0
283 52 14
283 52 17
283 52 167
283 94 3
283 97 3
283 167 52
283 260 0
283 263 0
283 375 3
283 501 0
285 0 52
285 0 261
285 0 264
285 0 502
285 6 3
285 6 57
285 6 60
285 6 285
285 15 52
285 18 52
285 52 0
285 52 15
285 52 18
285 52 170
285 95 3
285 98 3
285 170 52
285 261 0
285 264 0
285 377 3
285 502 0
349 0 39
349 0 226
349 0 229
349 0 491
349 2 5
349 2 82
349 2 85
349 2 349
349 14 39
349 17 39
349 39 0
349 39 14
349 39 17
349 39 167
349 43 5
349 46 5
349 167 39
349 226 0
349 229 0
349 249 5
349 491 0
351 0 39
351 0 227
351 0 230
351 0 492
351 2 5
351 2 83
351 2 86
351 2 351
351 15 39
351 18 39
351 39 0
351 39 15
351 39 18
351 39 170
351 44 5
351 47 5
351 170 39
351 227 0
351 230 0
351 251 5
351 492 0
375 0 52
375 0 260
375 0 263
375 0 501
375 3 6
375 3 94
375 3 97
375 3 375
375 14 52
375 17 52
375 52 0
375 52 14
375 52 17
375 52 167
375 56 6
375 59 6
375 167 52
375 260 0
375 263 0
375 283 6
375 501 0
377 0 52
377 0 261
377 0 264
377 0 502
377 3 6
377 3 95
377 3 98
377 3 377
377 15 52
377 18 52
377 52 0
377 52 15
377 52 18
377 52 170
377 57 6
377 60 6
377 170 52
377 261 0
377 264 0
377 285 6
377 502 0
410 0 183
410 0 419
410 0 461
410 0 537
410 8 183
410 11 183
410 23 20
410 23 119
410 23 148
410 23 410
410 115 183
410 122 20
410 151 20
410 183 0
410 183 8
410 183 11
410 183 115
410 413 20
410 419 0
410 461 0
410 537 0
411 0 184
411 0 420
411 0 462
411 0 538
411 8 184
411 11 184
411 24 21
411 24 120
411 24 149
411 24 411
411 115 184
411 123 21
411 152 21
411 184 0
411 184 8
411 184 11
411 184 115
411 414 21
411 420 0
411 462 0
411 538 0
413 0 183
413 0 419
413 0 461
413 0 537
413 8 183
413 11 183
413 20 23
413 20 122
413 20 151
413 20 413
413 115 183
413 119 23
413 148 23
413 183 0
413 183 8
413 183 11
413 183 115
413 410 23
413 419 0
413 461 0
413 537 0
414 0 184
414 0 420
414 0 462
414 0 538
414 8 184
414 11 184
414 21 24
414 21 123
414 21 152
414 21 414
414 115 184
414 120 24
414 149 24
414 184 0
414 184 8
414 184 11
414 184 115
414 411 24
414 420 0
414 462 0
414 538 0
419 0 115
419 0 410
419 0 413
419 0 537
419 11 8
419 11 119
419 11 122
419 11 419
419 20 115
419 23 115
419 115 0
419 115 20
419 115 23
419 115 183
419 148 8
419 151 8
419 183 115
419 410 0
419 413 0
419 461 8
419 537 0
420 0 115
420 0 411
420 0 414
420 0 538
420 11 8
420 11 120
420 11 123
420 11 420
420 21 115
420 24 115
420 115 0
420 115 21
420 115 24
420 115 184
420 149 8
420 152 8
420 184 115
420 411 0
420 414 0
420 462 8
420 538 0
422 0 183
422 0 431
422 0 467
422 0 539
422 9 183
422 12 183
422 23 20
422 23 128
422 23 156
422 23 422
422 124 183
422 131 20
422 159 20
422 183 0
422 183 9
422 183 12
422 183 124
422 425 20
422 431 0
422 467 0
422 539 0
423 0 184
423 0 432
423 0 468
423 0 540
423 9 184
423 12 184
423 24 21
423 24 129
423 24 157
423 24 423
423 124 184
423 132 21
423 160 21
423 184 0
423 184 9
423 184 12
423 184 124
423 426 21
423 432 0
423 468 0
423 540 0
425 0 183
425 0 431
425 0 467
425 0 539
425 9 183
425 12 183
425 20 23
425 20 131
425 20 159
425 20 425
425 124 183
425 128 23
425 156 23
425 183 0
425 183 9
425 183 12
425 183 124
425 422 23
425 431 0
425 467 0
425 539 0
426 0 184
426 0 432
426 0 468
426 0 540
426 9 184
426 12 184
426 21 24
426 21 132
426 21 160
426 21 426
426 124 184
426 129 24
426 157 24
426 184 0
426 184 9
426 184 12
426 184 124
426 423 24
426 432 0
426 468 0
426 540 0
431 0 124
431 0 422
431 0 425
431 0 539
431 12 9
431 12 128
431 12 131
431 12 431
431 20 124
431 23 124
431 124 0
431 124 20
431 124 23
431 124 183
431 156 9
431 159 9
431 183 124
431 422 0
431 425 0
431 467 9
431 539 0
432 0 124
432 0 423
432 0 426
432 0 540
432 12 9
432 12 129
432 12 132
432 12 432
432 21 124
432 24 124
432 124 0
432 124 21
432 124 24
432 124 184
432 157 9
432 160 9
432 184 124
432 423 0
432 426 0
432 468 9
432 540 0
461 0 115
461 0 410
461 0 413
461 0 537
461 8 11
461 8 148
461 8 151
461 8 461
461 20 115
461 23 115
461 115 0
461 115 20
461 115 23
461 115 183
461 119 11
461 122 11
461 183 115
461 410 0
461 413 0
461 419 11
461 537 0
462 0 115
462 0 411
462 0 414
462 0 538
462 8 11
462 8 149
462 8 152
462 8 462
462 21 115
462 24 115
462 115 0
462 115 21
462 115 24
462 115 184
462 120 11
462 123 11
462 184 115
462 411 0
462 414 0
462 420 11
462 538 0
467 0 124
467 0 422
467 0 425
467 0 539
467 9 12
467 9 156
467 9 159
467 9 467
467 20 124
467 23 124
467 124 0
467 124 20
467 124 23
467 124 183
467 128 12
467 131 12
467 183 124
467 422 0
467 425 0
467 431 12
467 539 0
468 0 124
468 0 423
468 0 426
468 0 540
468 9 12
468 9 157
468 9 160
468 9 468
468 21 124
468 24 124
468 124 0
468 124 21
468 124 24
468 124 184
468 129 12
468 132 12
468 184 124
468 423 0
468 426 0
468 432 12
468 540 0
491 0 0
491 0 2
491 0 5
491 0 14
491 0 17
491 0 39
491 0 43
491 0 46
491 0 82
491 0 85
491 0 167
491 0 226
491 0 229
491 0 249
491 0 349
491 0 491
491 2 0
491 2 14
491 2 17
491 2 167
491 5 0
491 5 14
491 5 17
491 5 167
491 14 0
491 14 2
491 14 5
491 14 39
491 17 0
491 17 2
491 17 5
491 17 39
491 39 0
491 39 14
491 39 17
491 39 167
491 43 0
491 46 0
491 82 0
491 85 0
491 167 0
491 167 2
491 167 5
491 167 39
491 226 0
491 229 0
491 249 0
491 349 0
491 491 0
492 0 0
492 0 2
492 0 5
492 0 15
492 0 18
492 0 39
492 0 44
492 0 47
492 0 83
492 0 86
492 0 170
492 0 227
492 0 230
492 0 251
492 0 351
492 0 492
492 2 0
492 2 15
492 2 18
492 2 170
492 5 0
492 5 15
492 5 18
492 5 170
492 15 0
492 15 2
492 15 5
492 15 39
492 18 0
492 18 2
492 18 5
492 18 39
492 39 0
492 39 15
492 39 18
492 39 170
492 44 0
492 47 0
492 83 0
492 86 0
492 170 0
492 170 2
492 170 5
492 170 39
492 227 0
492 230 0
492 251 0
492 351 0
492 492 0
501 0 0
501 0 3
501 0 6
501 0 14
501 0 17
501 0 52
501 0 56
501 0 59
501 0 94
501 0 97
501 0 167
501 0 260
501 0 263
501 0 283
501 0 375
501 0 501
501 3 0
501 3 14
501 3 17
501 3 167
501 6 0
501 6 14
501 6 17
501 6 167
501 14 0
501 14 3
501 14 6
501 14 52
501 17 0
501 17 3
501 17 6
501 17 52
501 52 0
501 52 14
501 52 17
501 52 167
501 56 0
501 59 0
501 94 0
501 97 0
501 167 0
501 167 3
501 167 6
501 167 52
501 260 0
501 263 0
501 283 0
501 375 0
501 501 0
502 0 0
502 0 3
502 0 6
502 0 15
502 0 18
502 0 52
502 0 57
502 0 60
502 0 95
502 0 98
502 0 170
502 0 261
502 0 264
502 0 285
502 0 377
502 0 502
502 3 0
502 3 15
502 3 18
502 3 170
502 6 0
502 6 15
502 6 18
502 6 170
502 15 0
502 15 3
502 15 6
502 15 52
502 18 0
502 18 3
502 18 6
502 18 52
502 52 0
502 52 15
502 52 18
502 52 170
502 57 0
502 60 0
502 95 0
502 98 0
502 170 0
502 170 3
502 170 6
502 170 52
502 261 0
502 264 0
502 285 0
502 377 0
502 502 0
537 0 0
537 0 8
537 0 11
537 0 20
537 0 23
537 0 115
537 0 119
537 0 122
537 0 148
537 0 151
537 0 183
537 0 410
537 0 413
537 0 419
537 0 461
537 0 537
537 8 0
537 8 20
537 8 23
537 8 183
537 11 0
537 11 20
537 11 23
537 11 183
537 20 0
537 20 8
537 20 11
537 20 115
537 23 0
537 23 8
537 23 11
537 23 115
537 115 0
537 115 20
537 115 23
537 115 183
537 119 0
537 122 0
537 148 0
537 151 0
537 183 0
537 183 8
537 183 11
537 183 115
537 410 0
537 413 0
537 419 0
537 461 0
537 537 0
538 0 0
538 0 8
538 0 11
538 0 21
538 0 24
538 0 115
538 0 120
538 0 123
538 0 149
538 0 152
538 0 184
538 0 411
538 0 414
538 0 420
538 0 462
538 0 538
538 8 0
538 8 21
538 8 24
538 8 184
538 11 0
538 11 21
538 11 24
538 11 184
538 21 0
538 21 8
538 21 11
538 21 115
538 24 0
538 24 8
538 24 11
538 24 115
538 115 0
538 115 21
538 115 24
538 115 184
538 120 0
538 123 0
538 149 0
538 152 0
538 184 0
538 184 8
538 184 11
538 184 115
538 411 0
538 414 0
538 420 0
538 462 0
538 538 0
539 0 0
539 0 9
539 0 12
539 0 20
539 0 23
539 0 124
539 0 128
539 0 131
539 0 156
539 0 159
539 0 183
539 0 422
539 0 425
539 0 431
539 0 467
539 0 539
539 9 0
539 9 20
539 9 23
539 9 183
539 12 0
539 12 20
539 12 23
539 12 183
539 20 0
539 20 9
539 20 12
539 20 124
539 23 0
539 23 9
539 23 12
539 23 124
539 124 0
539 124 20
539 124 23
539 124 183
539 128 0
539 131 0
539 156 0
539 159 0
539 183 0
539 183 9
539 183 12
539 183 124
539 422 0
539 425 0
539 431 0
539 467 0
539 539 0
540 0 0
540 0 9
540 0 12
540 0 21
540 0 24
540 0 124
540 0 129
540 0 132
540 0 157
540 0 160
540 0 184
540 0 423
540 0 426
540 0 432
540 0 468
540 0 540
540 9 0
540 9 21
540 9 24
540 9 184
540 12 0
540 12 21
540 12 24
540 12 184
540 21 0
540 21 9
540 21 12
540 21 124
540 24 0
540 24 9
540 24 12
540 24 124
540 124 0
540 124 21
540 124 24
540 124 184
540 129 0
540 132 0
540 157 0
540 160 0
540 184 0
540 184 9
540 184 12
540 184 124
540 423 0
540 426 0
540 432 0
540 468 0
540 540 0
