545
88888888
63888888
48188888
58828888
36888888
84818888
85288888
88638888
88481888
88588288
88368888
88848188
88852888
88886388
88884818
88885882
88883688
88888481
88888528
88888863
18888848
82888858
88888836
81888884
28888885
63638888
63481888
63588288
63368888
63848188
63852888
63886388
63884818
63885882
63883688
63888481
63888528
63888863
63888836
44118888
48148188
48152888
48186388
48184818
48185882
48183688
48188481
48188528
48188863
42188858
48188836
41188884
55228888
58421888
58528288
58826388
58824818
58825882
58823688
58828481
58828528
58828863
52828858
58828836
51828884
36638888
36481888
36588288
36368888
36848188
36852888
36886388
36884818
36885882
36883688
36888481
36888528
36888863
36888836
84411888
84518288
84816388
84814818
84815882
84813688
84818481
84818528
84818863
14818848
84818836
24818885
85248188
85252888
85286388
85284818
85285882
85283688
85288481
85288528
85288863
15288848
85288836
25288885
88636388
88634818
88635882
88633688
88638481
88638528
88638863
18638848
82638858
88638836
81638884
28638885
88441188
88481481
88481528
88481863
18481848
82481858
88481836
81481884
28481885
88552288
88584218
88585282
88588263
18588248
82588258
88588236
81588284
28588285
88366388
88364818
88365882
88363688
88368481
88368528
88368863
18368848
82368858
88368836
81368884
28368885
88844118
88845182
88848163
18848148
82848158
88848136
81848184
28848185
88852481
88852528
88852863
18852848
82852858
88852836
81852884
28852885
88886363
18886348
82886358
88886336
81886384
28886385
88884411
81884814
28884815
88885522
18885842
82885852
88883663
18883648
82883658
88883636
81883684
28883685
18888441
82888451
81888524
28888525
11888844
22888855
63636388
63634818
63635882
63633688
63638481
63638528
63638863
63638836
63441188
63481481
63481528
63481863
63481836
63552288
63584218
63585282
63588263
63588236
63366388
63364818
63365882
63363688
63368481
63368528
63368863
63368836
63844118
63845182
63848163
63848136
63852481
63852528
63852863
63852836
63886363
63886336
63884411
63885522
63883663
63883636
44116388
44114818
44115882
44113688
44118481
44118528
44118863
44118836
48144118
48145182
48148163
42148158
48148136
41148184
48152481
48152528
48152863
42152858
48152836
41152884
48186363
42186358
48186336
41186384
48184411
41184814
48185522
42185852
48183663
42183658
48183636
41183684
42188451
41188524
55226388
55224818
55225882
55223688
55228481
55228528
55228863
55228836
58421481
58421528
58421863
52421858
58421836
51421884
58524218
58525282
58528263
52528258
58528236
51528284
58826363
52826358
58826336
51826384
58824411
51824814
58825522
52825852
58823663
52823658
58823636
51823684
52828451
51828524
36636388
36634818
36635882
36633688
36638481
36638528
36638863
36638836
36441188
36481481
36481528
36481863
36481836
36552288
36584218
36585282
36588263
36588236
36366388
36364818
36365882
36363688
36368481
36368528
36368863
36368836
36844118
36845182
36848163
36848136
36852481
36852528
36852863
36852836
36886363
36886336
36884411
36885522
36883663
36883636
84411481
84411528
84411863
14411848
84411836
24411885
84514218
84515282
84518263
14518248
84518236
24518285
84816363
14816348
84816336
24816385
84814411
24814815
84815522
14815842
84813663
14813648
84813636
24813685
14818441
24818525
85244118
85245182
85248163
15248148
85248136
25248185
85252481
85252528
85252863
15252848
85252836
25252885
85286363
15286348
85286336
25286385
85284411
25284815
85285522
15285842
85283663
15283648
85283636
25283685
15288441
25288525
88636363
18636348
82636358
88636336
81636384
28636385
88634411
81634814
28634815
88635522
18635842
82635852
88633663
18633648
82633658
88633636
81633684
28633685
18638441
82638451
81638524
28638525
11638844
22638855
88441163
18441148
82441158
88441136
81441184
28441185
18481441
82481451
81481524
28481525
11481844
22481855
88552263
18552248
82552258
88552236
81552284
28552285
81584214
28584215
18585242
82585252
11588244
22588255
88366363
18366348
82366358
88366336
81366384
28366385
88364411
81364814
28364815
88365522
18365842
82365852
88363663
18363648
82363658
88363636
81363684
28363685
18368441
82368451
81368524
28368525
11368844
22368855
81844114
28844115
18845142
82845152
11848144
22848155
18852441
82852451
81852524
28852525
11852844
22852855
11886344
22886355
11883644
22883655
63636363
63636336
63634411
63635522
63633663
63633636
63441163
63441136
63552263
63552236
63366363
63366336
63364411
63365522
63363663
63363636
44116363
44116336
44114411
44115522
44113663
44113636
41144114
42145152
42152451
41152524
55226363
55226336
55224411
55225522
55223663
55223636
52421451
51421524
51524214
52525252
36636363
36636336
36634411
36635522
36633663
36633636
36441163
36441136
36552263
36552236
36366363
36366336
36364411
36365522
36363663
36363636
14411441
24411525
24514215
14515242
25244115
15245142
15252441
25252525
11636344
22636355
11633644
22633655
11441144
22441155
11552244
22552255
11366344
22366355
11363644
22363655
12
0 0 497
0 0 506
0 0 527
0 0 530
0 497 0
0 506 0
0 527 0
0 530 0
497 0 0
506 0 0
527 0 0
530 0 0
