0	0	473	88888888	88888888	63636363
0	0	474	88888888	88888888	63636336
0	0	475	88888888	88888888	63634411
0	0	476	88888888	88888888	63635522
0	0	478	88888888	88888888	63633636
0	0	495	88888888	88888888	41144114
0	0	496	88888888	88888888	42145152
0	1	385	88888888	63888888	88636363
0	1	388	88888888	63888888	88636336
0	1	391	88888888	63888888	88634411
0	1	394	88888888	63888888	88635522
0	1	397	88888888	63888888	88633663
0	1	400	88888888	63888888	88633636
0	1	409	88888888	63888888	88441163
0	1	412	88888888	63888888	88441136
0	1	505	88888888	63888888	52421451
0	1	508	88888888	63888888	52525252
0	2	489	88888888	48188888	44116363
0	2	490	88888888	48188888	44116336
0	2	493	88888888	48188888	44113663
0	2	494	88888888	48188888	44113636
0	2	497	88888888	48188888	42152451
0	2	499	88888888	48188888	55226363
0	2	500	88888888	48188888	55226336
0	2	501	88888888	48188888	55224411
0	2	502	88888888	48188888	55225522
0	2	503	88888888	48188888	55223663
0	2	504	88888888	48188888	55223636
0	2	509	88888888	48188888	36636363
0	2	510	88888888	48188888	36636336
0	2	511	88888888	48188888	36634411
0	2	512	88888888	48188888	36635522
0	2	513	88888888	48188888	36633663
0	2	514	88888888	48188888	36633636
0	25	161	88888888	63638888	88886363
0	25	164	88888888	63638888	88886336
0	25	167	88888888	63638888	88884411
0	25	170	88888888	63638888	88885522
0	25	173	88888888	63638888	88883663
0	25	176	88888888	63638888	88883636
0	25	279	88888888	63638888	58826363
0	25	281	88888888	63638888	58826336
0	25	283	88888888	63638888	58824411
0	25	285	88888888	63638888	58825522
0	25	287	88888888	63638888	58823663
0	25	289	88888888	63638888	58823636
0	25	429	88888888	63638888	18585242
0	25	430	88888888	63638888	82585252
0	25	459	88888888	63638888	18845142
0	25	460	88888888	63638888	82845152
0	25	508	88888888	63638888	52525252
0	26	409	88888888	63481888	88441163
0	26	412	88888888	63481888	88441136
0	26	421	88888888	63481888	88552263
0	26	424	88888888	63481888	88552236
0	26	433	88888888	63481888	88366363
0	26	436	88888888	63481888	88366336
0	29	397	88888888	63848188	88633663
0	29	400	88888888	63848188	88633636
0	29	409	88888888	63848188	88441163
0	29	412	88888888	63848188	88441136
0	29	421	88888888	63848188	88552263
0	29	424	88888888	63848188	88552236
0	31	109	88888888	63886388	88638863
0	31	112	88888888	63886388	88638836
0	31	269	88888888	63886388	58421863
0	31	271	88888888	63886388	58421836
0	31	275	88888888	63886388	58528263
0	31	277	88888888	63886388	58528236
0	31	505	88888888	63886388	52421451
0	31	508	88888888	63886388	52525252
0	32	391	88888888	63884818	88634411
0	32	394	88888888	63884818	88635522
0	32	397	88888888	63884818	88633663
0	32	439	88888888	63884818	88364411
0	32	442	88888888	63884818	88365522
0	32	445	88888888	63884818	88363663
0	33	385	88888888	63885882	88636363
0	33	391	88888888	63885882	88634411
0	33	394	88888888	63885882	88635522
0	33	433	88888888	63885882	88366363
0	33	439	88888888	63885882	88364411
0	33	442	88888888	63885882	88365522
0	34	109	88888888	63883688	88638863
0	34	112	88888888	63883688	88638836
0	39	161	88888888	44118888	88886363
0	39	164	88888888	44118888	88886336
0	39	245	88888888	44118888	48186363
0	39	247	88888888	44118888	48186336
0	39	253	88888888	44118888	48183663
0	39	255	88888888	44118888	48183636
0	39	279	88888888	44118888	58826363
0	39	281	88888888	44118888	58826336
0	39	283	88888888	44118888	58824411
0	39	285	88888888	44118888	58825522
0	39	287	88888888	44118888	58823663
0	39	289	88888888	44118888	58823636
0	39	489	88888888	44118888	44116363
0	39	490	88888888	44118888	44116336
0	39	499	88888888	44118888	55226363
0	39	500	88888888	44118888	55226336
0	39	501	88888888	44118888	55224411
0	39	502	88888888	44118888	55225522
0	40	331	88888888	48148188	36883663
0	40	332	88888888	48148188	36883636
0	40	513	88888888	48148188	36633663
0	40	514	88888888	48148188	36633636
0	41	331	88888888	48152888	36883663
0	41	332	88888888	48152888	36883636
0	41	497	88888888	48152888	42152451
0	43	492	88888888	48184818	44115522
0	43	493	88888888	48184818	44113663
0	43	502	88888888	48184818	55225522
0	43	503	88888888	48184818	55223663
0	43	513	88888888	48184818	36633663
0	44	489	88888888	48185882	44116363
0	44	491	88888888	48185882	44114411
0	44	499	88888888	48185882	55226363
0	44	501	88888888	48185882	55224411
0	44	509	88888888	48185882	36636363
0	46	490	88888888	48188481	44116336
0	46	492	88888888	48188481	44115522
0	46	497	88888888	48188481	42152451
0	46	500	88888888	48188481	55226336
0	46	502	88888888	48188481	55225522
0	46	510	88888888	48188481	36636336
0	47	491	88888888	48188528	44114411
0	47	494	88888888	48188528	44113636
0	47	501	88888888	48188528	55224411
0	47	504	88888888	48188528	55223636
0	47	514	88888888	48188528	36633636
0	185	19	88888888	63636388	88888863
0	185	22	88888888	63636388	88888836
0	185	61	88888888	63636388	58828863
0	185	63	88888888	63636388	58828836
0	185	127	88888888	63636388	88588263
0	185	130	88888888	63636388	88588236
0	185	171	88888888	63636388	18885842
0	185	172	88888888	63636388	82885852
0	185	179	88888888	63636388	18888441
0	185	180	88888888	63636388	82888451
0	185	275	88888888	63636388	58528263
0	185	277	88888888	63636388	58528236
0	185	286	88888888	63636388	52825852
0	185	291	88888888	63636388	52828451
0	185	429	88888888	63636388	18585242
0	185	430	88888888	63636388	82585252
0	185	508	88888888	63636388	52525252
0	186	167	88888888	63634818	88884411
0	186	170	88888888	63634818	88885522
0	186	173	88888888	63634818	88883663
0	186	283	88888888	63634818	58824411
0	186	285	88888888	63634818	58825522
0	186	287	88888888	63634818	58823663
0	187	161	88888888	63635882	88886363
0	187	167	88888888	63635882	88884411
0	187	170	88888888	63635882	88885522
0	187	279	88888888	63635882	58826363
0	187	283	88888888	63635882	58824411
0	187	285	88888888	63635882	58825522
0	187	459	88888888	63635882	18845142
0	188	19	88888888	63633688	88888863
0	188	22	88888888	63633688	88888836
0	188	61	88888888	63633688	58828863
0	188	63	88888888	63633688	58828836
0	188	147	88888888	63633688	88848163
0	188	150	88888888	63633688	88848136
0	189	164	88888888	63638481	88886336
0	189	167	88888888	63638481	88884411
0	189	170	88888888	63638481	88885522
0	189	281	88888888	63638481	58826336
0	189	283	88888888	63638481	58824411
0	189	285	88888888	63638481	58825522
0	190	167	88888888	63638528	88884411
0	190	170	88888888	63638528	88885522
0	190	176	88888888	63638528	88883636
0	190	283	88888888	63638528	58824411
0	190	285	88888888	63638528	58825522
0	190	289	88888888	63638528	58823636
0	193	19	88888888	63441188	88888863
0	193	22	88888888	63441188	88888836
0	193	118	88888888	63441188	88481863
0	193	121	88888888	63441188	88481836
0	193	127	88888888	63441188	88588263
0	193	130	88888888	63441188	88588236
0	193	147	88888888	63441188	88848163
0	193	150	88888888	63441188	88848136
0	193	155	88888888	63441188	88852863
0	193	158	88888888	63441188	88852836
0	193	409	88888888	63441188	88441163
0	193	412	88888888	63441188	88441136
0	193	421	88888888	63441188	88552263
0	193	424	88888888	63441188	88552236
0	194	142	88888888	63481481	88368836
0	194	436	88888888	63481481	88366336
0	195	142	88888888	63481528	88368836
0	195	271	88888888	63481528	58421836
0	211	109	88888888	63844118	88638863
0	211	397	88888888	63844118	88633663
0	212	109	88888888	63845182	88638863
0	212	395	88888888	63845182	18635842
0	221	7	88888888	63884411	88638888
0	221	10	88888888	63884411	88368888
0	221	104	88888888	63884411	88634818
0	221	105	88888888	63884411	88635882
0	221	107	88888888	63884411	88638481
0	221	108	88888888	63884411	88638528
0	221	134	88888888	63884411	88364818
0	221	135	88888888	63884411	88365882
0	221	137	88888888	63884411	88368481
0	221	138	88888888	63884411	88368528
0	221	391	88888888	63884411	88634411
0	221	394	88888888	63884411	88635522
0	221	439	88888888	63884411	88364411
0	221	442	88888888	63884411	88365522
0	226	170	88888888	44114818	88885522
0	226	173	88888888	44114818	88883663
0	226	251	88888888	44114818	48185522
0	226	253	88888888	44114818	48183663
0	226	283	88888888	44114818	58824411
0	226	285	88888888	44114818	58825522
0	226	287	88888888	44114818	58823663
0	226	351	88888888	44114818	84815522
0	226	353	88888888	44114818	84813663
0	226	375	88888888	44114818	85284411
0	226	377	88888888	44114818	85285522
0	226	379	88888888	44114818	85283663
0	226	492	88888888	44114818	44115522
0	226	493	88888888	44114818	44113663
0	226	501	88888888	44114818	55224411
0	226	502	88888888	44114818	55225522
0	226	503	88888888	44114818	55223663
0	227	161	88888888	44115882	88886363
0	227	167	88888888	44115882	88884411
0	227	245	88888888	44115882	48186363
0	227	249	88888888	44115882	48184411
0	227	279	88888888	44115882	58826363
0	227	283	88888888	44115882	58824411
0	227	285	88888888	44115882	58825522
0	227	345	88888888	44115882	84816363
0	227	349	88888888	44115882	84814411
0	227	371	88888888	44115882	85286363
0	227	375	88888888	44115882	85284411
0	227	377	88888888	44115882	85285522
0	227	489	88888888	44115882	44116363
0	227	491	88888888	44115882	44114411
0	227	499	88888888	44115882	55226363
0	227	501	88888888	44115882	55224411
0	227	502	88888888	44115882	55225522
0	233	77	88888888	48144118	36888863
0	233	299	88888888	48144118	36638863
0	233	331	88888888	48144118	36883663
0	233	513	88888888	48144118	36633663
0	234	77	88888888	48145182	36888863
0	234	299	88888888	48145182	36638863
0	236	173	88888888	42148158	88883663
0	236	397	88888888	42148158	88633663
0	239	78	88888888	48152481	36888836
0	239	257	88888888	48152481	42188451
0	239	326	88888888	48152481	36852836
0	239	497	88888888	48152481	42152451
0	473	0	88888888	63636363	88888888
0	473	3	88888888	63636363	58828888
0	473	54	88888888	63636363	58528288
0	473	57	88888888	63636363	58825882
0	473	274	88888888	63636363	58525282
0	473	508	88888888	63636363	52525252
0	474	0	88888888	63636336	88888888
0	474	3	88888888	63636336	58828888
0	474	9	88888888	63636336	88588288
0	474	54	88888888	63636336	58528288
0	474	59	88888888	63636336	58828481
0	474	128	88888888	63636336	18588248
0	475	0	88888888	63634411	88888888
0	475	3	88888888	63634411	58828888
0	475	14	88888888	63634411	88884818
0	475	15	88888888	63634411	88885882
0	475	17	88888888	63634411	88888481
0	475	18	88888888	63634411	88888528
0	475	56	88888888	63634411	58824818
0	475	57	88888888	63634411	58825882
0	475	59	88888888	63634411	58828481
0	475	60	88888888	63634411	58828528
0	475	167	88888888	63634411	88884411
0	475	170	88888888	63634411	88885522
0	475	283	88888888	63634411	58824411
0	475	285	88888888	63634411	58825522
0	476	0	88888888	63635522	88888888
0	476	3	88888888	63635522	58828888
0	476	14	88888888	63635522	88884818
0	476	15	88888888	63635522	88885882
0	476	17	88888888	63635522	88888481
0	476	18	88888888	63635522	88888528
0	476	56	88888888	63635522	58824818
0	476	57	88888888	63635522	58825882
0	476	59	88888888	63635522	58828481
0	476	60	88888888	63635522	58828528
0	476	167	88888888	63635522	88884411
0	476	170	88888888	63635522	88885522
0	476	283	88888888	63635522	58824411
0	476	285	88888888	63635522	58825522
0	478	0	88888888	63633636	88888888
0	478	3	88888888	63633636	58828888
0	478	60	88888888	63633636	58828528
0	491	3	88888888	44114411	58828888
0	491	44	88888888	44114411	48185882
0	491	47	88888888	44114411	48188528
0	491	52	88888888	44114411	55228888
0	491	57	88888888	44114411	58825882
0	491	60	88888888	44114411	58828528
0	491	227	88888888	44114411	44115882
0	491	251	88888888	44114411	48185522
0	491	261	88888888	44114411	55225882
0	491	492	88888888	44114411	44115522
0	491	502	88888888	44114411	55225522
0	492	3	88888888	44115522	58828888
0	492	43	88888888	44115522	48184818
0	492	46	88888888	44115522	48188481
0	492	52	88888888	44115522	55228888
0	492	56	88888888	44115522	58824818
0	492	59	88888888	44115522	58828481
0	492	226	88888888	44115522	44114818
0	492	249	88888888	44115522	48184411
0	492	260	88888888	44115522	55224818
0	492	491	88888888	44115522	44114411
0	492	501	88888888	44115522	55224411
0	495	0	88888888	41144114	88888888
0	495	4	88888888	41144114	36888888
0	495	65	88888888	41144114	36638888
0	495	74	88888888	41144114	36883688
0	495	296	88888888	41144114	36633688
0	495	513	88888888	41144114	36633663
0	496	0	88888888	42145152	88888888
0	496	7	88888888	42145152	88638888
0	496	109	88888888	42145152	88638863
0	497	2	88888888	42152451	48188888
0	497	41	88888888	42152451	48152888
0	497	46	88888888	42152451	48188481
0	497	239	88888888	42152451	48152481
0	497	497	88888888	42152451	42152451
1	0	385	63888888	88888888	88636363
1	0	388	63888888	88888888	88636336
1	0	391	63888888	88888888	88634411
1	0	394	63888888	88888888	88635522
1	0	397	63888888	88888888	88633663
1	0	400	63888888	88888888	88633636
1	0	409	63888888	88888888	88441163
1	0	412	63888888	88888888	88441136
1	0	495	63888888	88888888	41144114
1	0	498	63888888	88888888	41152524
1	3	385	63888888	58828888	88636363
1	3	388	63888888	58828888	88636336
1	3	391	63888888	58828888	88634411
1	3	394	63888888	58828888	88635522
1	3	397	63888888	58828888	88633663
1	3	400	63888888	58828888	88633636
1	7	161	63888888	88638888	88886363
1	7	164	63888888	88638888	88886336
1	7	167	63888888	88638888	88884411
1	7	170	63888888	88638888	88885522
1	7	173	63888888	88638888	88883663
1	7	176	63888888	88638888	88883636
1	7	245	63888888	88638888	48186363
1	7	247	63888888	88638888	48186336
1	7	249	63888888	88638888	48184411
1	7	251	63888888	88638888	48185522
1	7	253	63888888	88638888	48183663
1	7	255	63888888	88638888	48183636
1	7	427	63888888	88638888	81584214
1	7	428	63888888	88638888	28584215
1	7	457	63888888	88638888	81844114
1	7	458	63888888	88638888	28844115
1	7	495	63888888	88638888	41144114
1	8	409	63888888	88481888	88441163
1	8	412	63888888	88481888	88441136
1	8	421	63888888	88481888	88552263
1	8	424	63888888	88481888	88552236
1	8	433	63888888	88481888	88366363
1	8	436	63888888	88481888	88366336
1	11	397	63888888	88848188	88633663
1	11	400	63888888	88848188	88633636
1	11	409	63888888	88848188	88441163
1	11	412	63888888	88848188	88441136
1	11	421	63888888	88848188	88552263
1	11	424	63888888	88848188	88552236
1	13	109	63888888	88886388	88638863
1	13	112	63888888	88886388	88638836
1	14	391	63888888	88884818	88634411
1	14	394	63888888	88884818	88635522
1	14	397	63888888	88884818	88633663
1	14	439	63888888	88884818	88364411
1	14	442	63888888	88884818	88365522
1	14	445	63888888	88884818	88363663
1	15	385	63888888	88885882	88636363
1	15	391	63888888	88885882	88634411
1	15	394	63888888	88885882	88635522
1	15	433	63888888	88885882	88366363
1	15	439	63888888	88885882	88364411
1	15	442	63888888	88885882	88365522
1	16	109	63888888	88883688	88638863
1	16	112	63888888	88883688	88638836
1	16	235	63888888	88883688	48148163
1	16	237	63888888	88883688	48148136
1	16	241	63888888	88883688	48152863
1	16	243	63888888	88883688	48152836
1	16	392	63888888	88883688	81634814
1	16	393	63888888	88883688	28634815
1	16	405	63888888	88883688	81638524
1	16	406	63888888	88883688	28638525
1	16	495	63888888	88883688	41144114
1	16	498	63888888	88883688	41152524
1	19	103	63888888	88888863	88636388
1	19	106	63888888	88888863	88633688
1	19	115	63888888	88888863	88441188
1	19	124	63888888	88888863	88552288
1	19	133	63888888	88888863	88366388
1	19	136	63888888	88888863	88363688
1	19	233	63888888	88888863	48144118
1	19	234	63888888	88888863	48145182
1	19	359	63888888	88888863	85244118
1	19	360	63888888	88888863	85245182
1	19	389	63888888	88888863	81636384
1	19	401	63888888	88888863	81633684
1	19	413	63888888	88888863	81441184
1	19	425	63888888	88888863	81552284
1	19	437	63888888	88888863	81366384
1	19	449	63888888	88888863	81363684
1	19	495	63888888	88888863	41144114
1	20	388	63888888	18888848	88636336
1	20	400	63888888	18888848	88633636
1	20	412	63888888	18888848	88441136
1	20	424	63888888	18888848	88552236
1	20	436	63888888	18888848	88366336
1	20	448	63888888	18888848	88363636
1	53	161	63888888	58421888	88886363
1	53	164	63888888	58421888	88886336
1	54	161	63888888	58528288	88886363
1	54	164	63888888	58528288	88886336
1	54	385	63888888	58528288	88636363
1	54	388	63888888	58528288	88636336
1	55	109	63888888	58826388	88638863
1	55	112	63888888	58826388	88638836
1	56	391	63888888	58824818	88634411
1	56	394	63888888	58824818	88635522
1	56	397	63888888	58824818	88633663
1	57	385	63888888	58825882	88636363
1	57	391	63888888	58825882	88634411
1	57	394	63888888	58825882	88635522
1	58	109	63888888	58823688	88638863
1	58	112	63888888	58823688	88638836
1	59	388	63888888	58828481	88636336
1	59	391	63888888	58828481	88634411
1	59	394	63888888	58828481	88635522
1	60	391	63888888	58828528	88634411
1	60	394	63888888	58828528	88635522
1	60	400	63888888	58828528	88633636
1	61	103	63888888	58828863	88636388
1	61	106	63888888	58828863	88633688
1	62	385	63888888	52828858	88636363
1	62	397	63888888	52828858	88633663
1	63	103	63888888	58828836	88636388
1	63	106	63888888	58828836	88633688
1	103	19	63888888	88636388	88888863
1	103	22	63888888	88636388	88888836
1	103	48	63888888	88636388	48188863
1	103	50	63888888	88636388	48188836
1	103	127	63888888	88636388	88588263
1	103	130	63888888	88636388	88588236
1	104	167	63888888	88634818	88884411
1	104	170	63888888	88634818	88885522
1	104	173	63888888	88634818	88883663
1	104	249	63888888	88634818	48184411
1	104	251	63888888	88634818	48185522
1	104	253	63888888	88634818	48183663
1	104	428	63888888	88634818	28584215
1	105	161	63888888	88635882	88886363
1	105	167	63888888	88635882	88884411
1	105	170	63888888	88635882	88885522
1	105	245	63888888	88635882	48186363
1	105	249	63888888	88635882	48184411
1	105	251	63888888	88635882	48185522
1	106	19	63888888	88633688	88888863
1	106	22	63888888	88633688	88888836
1	106	48	63888888	88633688	48188863
1	106	50	63888888	88633688	48188836
1	106	147	63888888	88633688	88848163
1	106	150	63888888	88633688	88848136
1	106	168	63888888	88633688	81884814
1	106	169	63888888	88633688	28884815
1	106	181	63888888	88633688	81888524
1	106	182	63888888	88633688	28888525
1	106	235	63888888	88633688	48148163
1	106	237	63888888	88633688	48148136
1	106	250	63888888	88633688	41184814
1	106	258	63888888	88633688	41188524
1	106	457	63888888	88633688	81844114
1	106	458	63888888	88633688	28844115
1	106	495	63888888	88633688	41144114
1	107	164	63888888	88638481	88886336
1	107	167	63888888	88638481	88884411
1	107	170	63888888	88638481	88885522
1	107	247	63888888	88638481	48186336
1	107	249	63888888	88638481	48184411
1	107	251	63888888	88638481	48185522
1	108	167	63888888	88638528	88884411
1	108	170	63888888	88638528	88885522
1	108	176	63888888	88638528	88883636
1	108	249	63888888	88638528	48184411
1	108	251	63888888	88638528	48185522
1	108	255	63888888	88638528	48183636
1	109	13	63888888	88638863	88886388
1	109	16	63888888	88638863	88883688
1	109	42	63888888	88638863	48186388
1	109	45	63888888	88638863	48183688
1	109	125	63888888	88638863	88584218
1	109	126	63888888	88638863	88585282
1	109	145	63888888	88638863	88844118
1	109	146	63888888	88638863	88845182
1	109	165	63888888	88638863	81886384
1	109	177	63888888	88638863	81883684
1	109	233	63888888	88638863	48144118
1	109	234	63888888	88638863	48145182
1	109	248	63888888	88638863	41186384
1	109	256	63888888	88638863	41183684
1	109	427	63888888	88638863	81584214
1	109	457	63888888	88638863	81844114
1	109	495	63888888	88638863	41144114
1	110	164	63888888	18638848	88886336
1	110	176	63888888	18638848	88883636
1	111	161	63888888	82638858	88886363
1	111	173	63888888	82638858	88883663
1	112	13	63888888	88638836	88886388
1	112	16	63888888	88638836	88883688
1	112	42	63888888	88638836	48186388
1	112	45	63888888	88638836	48183688
1	112	166	63888888	88638836	28886385
1	112	178	63888888	88638836	28883685
1	115	19	63888888	88441188	88888863
1	115	22	63888888	88441188	88888836
1	115	118	63888888	88441188	88481863
1	115	121	63888888	88441188	88481836
1	115	127	63888888	88441188	88588263
1	115	130	63888888	88441188	88588236
1	115	147	63888888	88441188	88848163
1	115	150	63888888	88441188	88848136
1	115	155	63888888	88441188	88852863
1	115	158	63888888	88441188	88852836
1	115	409	63888888	88441188	88441163
1	115	412	63888888	88441188	88441136
1	115	421	63888888	88441188	88552263
1	115	424	63888888	88441188	88552236
1	116	142	63888888	88481481	88368836
1	116	436	63888888	88481481	88366336
1	117	142	63888888	88481528	88368836
1	117	453	63888888	88481528	81368524
1	118	115	63888888	88481863	88441188
1	118	124	63888888	88481863	88552288
1	118	133	63888888	88481863	88366388
1	118	413	63888888	88481863	81441184
1	118	425	63888888	88481863	81552284
1	118	437	63888888	88481863	81366384
1	119	412	63888888	18481848	88441136
1	119	424	63888888	18481848	88552236
1	119	436	63888888	18481848	88366336
1	120	409	63888888	82481858	88441163
1	120	421	63888888	82481858	88552263
1	120	433	63888888	82481858	88366363
1	121	115	63888888	88481836	88441188
1	121	124	63888888	88481836	88552288
1	121	133	63888888	88481836	88366388
1	121	414	63888888	88481836	28441185
1	121	426	63888888	88481836	28552285
1	121	438	63888888	88481836	28366385
1	145	109	63888888	88844118	88638863
1	145	397	63888888	88844118	88633663
1	146	109	63888888	88845182	88638863
1	146	361	63888888	88845182	85248163
1	147	106	63888888	88848163	88633688
1	147	115	63888888	88848163	88441188
1	147	124	63888888	88848163	88552288
1	147	360	63888888	88848163	85245182
1	147	401	63888888	88848163	81633684
1	147	413	63888888	88848163	81441184
1	147	425	63888888	88848163	81552284
1	148	400	63888888	18848148	88633636
1	148	412	63888888	18848148	88441136
1	148	424	63888888	18848148	88552236
1	149	397	63888888	82848158	88633663
1	149	409	63888888	82848158	88441163
1	149	421	63888888	82848158	88552263
1	150	106	63888888	88848136	88633688
1	150	115	63888888	88848136	88441188
1	150	124	63888888	88848136	88552288
1	150	402	63888888	88848136	28633685
1	150	414	63888888	88848136	28441185
1	150	426	63888888	88848136	28552285
1	161	105	63888888	88886363	88635882
1	161	113	63888888	88886363	81638884
1	161	135	63888888	88886363	88365882
1	161	143	63888888	88886363	81368884
1	162	112	63888888	18886348	88638836
1	162	142	63888888	18886348	88368836
1	167	104	63888888	88884411	88634818
1	167	105	63888888	88884411	88635882
1	167	107	63888888	88884411	88638481
1	167	108	63888888	88884411	88638528
1	167	134	63888888	88884411	88364818
1	167	135	63888888	88884411	88365882
1	167	137	63888888	88884411	88368481
1	167	138	63888888	88884411	88368528
1	167	391	63888888	88884411	88634411
1	167	394	63888888	88884411	88635522
1	167	439	63888888	88884411	88364411
1	167	442	63888888	88884411	88365522
1	171	103	63888888	18885842	88636388
1	171	133	63888888	18885842	88366388
1	172	103	63888888	82885852	88636388
1	172	133	63888888	82885852	88366388
1	172	385	63888888	82885852	88636363
1	172	433	63888888	82885852	88366363
1	173	40	63888888	88883663	48148188
1	173	41	63888888	88883663	48152888
1	173	91	63888888	88883663	85248188
1	173	92	63888888	88883663	85252888
1	173	104	63888888	88883663	88634818
1	173	113	63888888	88883663	81638884
1	173	134	63888888	88883663	88364818
1	173	143	63888888	88883663	81368884
1	173	233	63888888	88883663	48144118
1	173	238	63888888	88883663	41148184
1	173	244	63888888	88883663	41152884
1	173	359	63888888	88883663	85244118
1	173	392	63888888	88883663	81634814
1	173	440	63888888	88883663	81364814
1	173	495	63888888	88883663	41144114
1	174	112	63888888	18883648	88638836
1	174	142	63888888	18883648	88368836
1	267	22	63888888	58421481	88888836
1	267	164	63888888	58421481	88886336
1	268	22	63888888	58421528	88888836
1	268	121	63888888	58421528	88481836
1	269	13	63888888	58421863	88886388
1	270	161	63888888	52421858	88886363
1	271	13	63888888	58421836	88886388
1	271	117	63888888	58421836	88481528
1	273	19	63888888	58524218	88888863
1	273	109	63888888	58524218	88638863
1	274	19	63888888	58525282	88888863
1	274	109	63888888	58525282	88638863
1	274	161	63888888	58525282	88886363
1	274	385	63888888	58525282	88636363
1	275	13	63888888	58528263	88886388
1	275	103	63888888	58528263	88636388
1	276	161	63888888	52528258	88886363
1	276	385	63888888	52528258	88636363
1	277	13	63888888	58528236	88886388
1	277	103	63888888	58528236	88636388
1	279	7	63888888	58826363	88638888
1	279	105	63888888	58826363	88635882
1	280	109	63888888	52826358	88638863
1	281	7	63888888	58826336	88638888
1	281	107	63888888	58826336	88638481
1	283	7	63888888	58824411	88638888
1	283	104	63888888	58824411	88634818
1	283	105	63888888	58824411	88635882
1	283	107	63888888	58824411	88638481
1	283	108	63888888	58824411	88638528
1	283	391	63888888	58824411	88634411
1	283	394	63888888	58824411	88635522
1	285	7	63888888	58825522	88638888
1	285	104	63888888	58825522	88634818
1	285	105	63888888	58825522	88635882
1	285	107	63888888	58825522	88638481
1	285	108	63888888	58825522	88638528
1	285	391	63888888	58825522	88634411
1	285	394	63888888	58825522	88635522
1	286	103	63888888	52825852	88636388
1	286	385	63888888	52825852	88636363
1	287	7	63888888	58823663	88638888
1	287	104	63888888	58823663	88634818
1	288	109	63888888	52823658	88638863
1	289	7	63888888	58823636	88638888
1	289	108	63888888	58823636	88638528
1	291	103	63888888	52828451	88636388
1	385	2	63888888	88636363	48188888
1	385	9	63888888	88636363	88588288
1	385	15	63888888	88636363	88885882
1	385	23	63888888	88636363	81888884
1	385	44	63888888	88636363	48185882
1	385	51	63888888	88636363	41188884
1	385	126	63888888	88636363	88585282
1	385	131	63888888	88636363	81588284
1	386	130	63888888	18636348	88588236
1	387	127	63888888	82636358	88588263
1	388	2	63888888	88636336	48188888
1	388	9	63888888	88636336	88588288
1	388	17	63888888	88636336	88888481
1	388	24	63888888	88636336	28888885
1	388	46	63888888	88636336	48188481
1	388	132	63888888	88636336	28588285
1	391	2	63888888	88634411	48188888
1	391	14	63888888	88634411	88884818
1	391	15	63888888	88634411	88885882
1	391	17	63888888	88634411	88888481
1	391	18	63888888	88634411	88888528
1	391	43	63888888	88634411	48184818
1	391	44	63888888	88634411	48185882
1	391	46	63888888	88634411	48188481
1	391	47	63888888	88634411	48188528
1	391	167	63888888	88634411	88884411
1	391	170	63888888	88634411	88885522
1	391	249	63888888	88634411	48184411
1	391	251	63888888	88634411	48185522
1	394	2	63888888	88635522	48188888
1	394	14	63888888	88635522	88884818
1	394	15	63888888	88635522	88885882
1	394	17	63888888	88635522	88888481
1	394	18	63888888	88635522	88888528
1	394	43	63888888	88635522	48184818
1	394	44	63888888	88635522	48185882
1	394	46	63888888	88635522	48188481
1	394	47	63888888	88635522	48188528
1	394	167	63888888	88635522	88884411
1	394	170	63888888	88635522	88885522
1	394	249	63888888	88635522	48184411
1	394	251	63888888	88635522	48185522
1	395	146	63888888	18635842	88845182
1	396	161	63888888	82635852	88886363
1	397	2	63888888	88633663	48188888
1	397	11	63888888	88633663	88848188
1	397	14	63888888	88633663	88884818
1	397	23	63888888	88633663	81888884
1	397	40	63888888	88633663	48148188
1	397	43	63888888	88633663	48184818
1	397	51	63888888	88633663	41188884
1	397	145	63888888	88633663	88844118
1	397	151	63888888	88633663	81848184
1	397	168	63888888	88633663	81884814
1	397	233	63888888	88633663	48144118
1	397	238	63888888	88633663	41148184
1	397	250	63888888	88633663	41184814
1	397	457	63888888	88633663	81844114
1	397	495	63888888	88633663	41144114
1	398	150	63888888	18633648	88848136
1	399	147	63888888	82633658	88848163
1	400	2	63888888	88633636	48188888
1	400	11	63888888	88633636	88848188
1	400	18	63888888	88633636	88888528
1	400	24	63888888	88633636	28888885
1	400	40	63888888	88633636	48148188
1	400	47	63888888	88633636	48188528
1	400	152	63888888	88633636	28848185
1	400	182	63888888	88633636	28888525
1	403	164	63888888	18638441	88886336
1	409	8	63888888	88441163	88481888
1	409	9	63888888	88441163	88588288
1	409	11	63888888	88441163	88848188
1	409	12	63888888	88441163	88852888
1	409	23	63888888	88441163	81888884
1	409	115	63888888	88441163	88441188
1	409	122	63888888	88441163	81481884
1	409	124	63888888	88441163	88552288
1	409	131	63888888	88441163	81588284
1	409	151	63888888	88441163	81848184
1	409	159	63888888	88441163	81852884
1	409	413	63888888	88441163	81441184
1	409	425	63888888	88441163	81552284
1	410	121	63888888	18441148	88481836
1	410	130	63888888	18441148	88588236
1	410	150	63888888	18441148	88848136
1	410	158	63888888	18441148	88852836
1	410	412	63888888	18441148	88441136
1	410	424	63888888	18441148	88552236
1	411	118	63888888	82441158	88481863
1	411	127	63888888	82441158	88588263
1	411	147	63888888	82441158	88848163
1	411	155	63888888	82441158	88852863
1	411	409	63888888	82441158	88441163
1	411	421	63888888	82441158	88552263
1	412	8	63888888	88441136	88481888
1	412	9	63888888	88441136	88588288
1	412	11	63888888	88441136	88848188
1	412	12	63888888	88441136	88852888
1	412	24	63888888	88441136	28888885
1	412	115	63888888	88441136	88441188
1	412	123	63888888	88441136	28481885
1	412	124	63888888	88441136	88552288
1	412	132	63888888	88441136	28588285
1	412	152	63888888	88441136	28848185
1	412	160	63888888	88441136	28852885
1	412	414	63888888	88441136	28441185
1	412	426	63888888	88441136	28552285
1	415	133	63888888	18481441	88366388
1	415	142	63888888	18481441	88368836
1	415	436	63888888	18481441	88366336
1	416	133	63888888	82481451	88366388
1	459	105	63888888	18845142	88635882
1	460	109	63888888	82845152	88638863
1	505	13	63888888	52421451	88886388
1	508	7	63888888	52525252	88638888
1	508	13	63888888	52525252	88886388
1	508	103	63888888	52525252	88636388
1	508	109	63888888	52525252	88638863
1	508	161	63888888	52525252	88886363
1	508	385	63888888	52525252	88636363
2	0	483	48188888	88888888	63366363
2	0	484	48188888	88888888	63366336
2	0	485	48188888	88888888	63364411
2	0	486	48188888	88888888	63365522
2	0	487	48188888	88888888	63363663
2	0	488	48188888	88888888	63363636
2	0	489	48188888	88888888	44116363
2	0	490	48188888	88888888	44116336
2	0	493	48188888	88888888	44113663
2	0	494	48188888	88888888	44113636
2	0	499	48188888	88888888	55226363
2	0	500	48188888	88888888	55226336
2	0	501	48188888	88888888	55224411
2	0	502	48188888	88888888	55225522
2	0	503	48188888	88888888	55223663
2	0	504	48188888	88888888	55223636
2	0	527	48188888	88888888	24514215
2	4	433	48188888	36888888	88366363
2	4	436	48188888	36888888	88366336
2	4	439	48188888	36888888	88364411
2	4	442	48188888	36888888	88365522
2	4	445	48188888	36888888	88363663
2	4	448	48188888	36888888	88363636
2	5	245	48188888	84818888	48186363
2	5	247	48188888	84818888	48186336
2	5	253	48188888	84818888	48183663
2	5	255	48188888	84818888	48183636
2	5	428	48188888	84818888	28584215
2	7	219	48188888	88638888	63886363
2	7	220	48188888	88638888	63886336
2	7	221	48188888	88638888	63884411
2	7	222	48188888	88638888	63885522
2	7	223	48188888	88638888	63883663
2	7	224	48188888	88638888	63883636
2	13	209	48188888	88886388	63368863
2	13	210	48188888	88886388	63368836
2	13	231	48188888	88886388	44118863
2	13	232	48188888	88886388	44118836
2	13	265	48188888	88886388	55228863
2	13	266	48188888	88886388	55228836
2	14	485	48188888	88884818	63364411
2	14	486	48188888	88884818	63365522
2	14	487	48188888	88884818	63363663
2	14	492	48188888	88884818	44115522
2	14	493	48188888	88884818	44113663
2	14	501	48188888	88884818	55224411
2	14	502	48188888	88884818	55225522
2	14	503	48188888	88884818	55223663
2	14	527	48188888	88884818	24514215
2	15	483	48188888	88885882	63366363
2	15	485	48188888	88885882	63364411
2	15	486	48188888	88885882	63365522
2	15	489	48188888	88885882	44116363
2	15	491	48188888	88885882	44114411
2	15	499	48188888	88885882	55226363
2	15	501	48188888	88885882	55224411
2	15	502	48188888	88885882	55225522
2	16	209	48188888	88883688	63368863
2	16	210	48188888	88883688	63368836
2	16	231	48188888	88883688	44118863
2	16	232	48188888	88883688	44118836
2	16	265	48188888	88883688	55228863
2	16	266	48188888	88883688	55228836
2	17	484	48188888	88888481	63366336
2	17	485	48188888	88888481	63364411
2	17	486	48188888	88888481	63365522
2	17	490	48188888	88888481	44116336
2	17	492	48188888	88888481	44115522
2	17	500	48188888	88888481	55226336
2	17	501	48188888	88888481	55224411
2	17	502	48188888	88888481	55225522
2	18	485	48188888	88888528	63364411
2	18	486	48188888	88888528	63365522
2	18	488	48188888	88888528	63363636
2	18	491	48188888	88888528	44114411
2	18	494	48188888	88888528	44113636
2	18	501	48188888	88888528	55224411
2	18	502	48188888	88888528	55225522
2	18	504	48188888	88888528	55223636
2	19	203	48188888	88888863	63366388
2	19	206	48188888	88888863	63363688
2	19	225	48188888	88888863	44116388
2	19	228	48188888	88888863	44113688
2	19	259	48188888	88888863	55226388
2	19	262	48188888	88888863	55223688
2	22	203	48188888	88888836	63366388
2	22	206	48188888	88888836	63363688
2	22	225	48188888	88888836	44116388
2	22	228	48188888	88888836	44113688
2	22	259	48188888	88888836	55226388
2	22	262	48188888	88888836	55223688
2	39	161	48188888	44118888	88886363
2	39	164	48188888	44118888	88886336
2	39	173	48188888	44118888	88883663
2	39	176	48188888	44118888	88883636
2	52	161	48188888	55228888	88886363
2	52	164	48188888	55228888	88886336
2	52	167	48188888	55228888	88884411
2	52	170	48188888	55228888	88885522
2	52	173	48188888	55228888	88883663
2	52	176	48188888	55228888	88883636
2	65	161	48188888	36638888	88886363
2	65	164	48188888	36638888	88886336
2	65	167	48188888	36638888	88884411
2	65	170	48188888	36638888	88885522
2	65	173	48188888	36638888	88883663
2	65	176	48188888	36638888	88883636
2	71	139	48188888	36886388	88368863
2	71	142	48188888	36886388	88368836
2	72	439	48188888	36884818	88364411
2	72	442	48188888	36884818	88365522
2	72	445	48188888	36884818	88363663
2	73	433	48188888	36885882	88366363
2	73	439	48188888	36885882	88364411
2	73	442	48188888	36885882	88365522
2	74	139	48188888	36883688	88368863
2	74	142	48188888	36883688	88368836
2	75	436	48188888	36888481	88366336
2	75	439	48188888	36888481	88364411
2	75	442	48188888	36888481	88365522
2	76	439	48188888	36888528	88364411
2	76	442	48188888	36888528	88365522
2	76	448	48188888	36888528	88363636
2	77	133	48188888	36888863	88366388
2	77	136	48188888	36888863	88363688
2	78	133	48188888	36888836	88366388
2	78	136	48188888	36888836	88363688
2	81	48	48188888	84816388	48188863
2	81	50	48188888	84816388	48188836
2	82	251	48188888	84814818	48185522
2	82	253	48188888	84814818	48183663
2	82	428	48188888	84814818	28584215
2	83	245	48188888	84815882	48186363
2	83	249	48188888	84815882	48184411
2	84	48	48188888	84813688	48188863
2	84	50	48188888	84813688	48188836
2	85	247	48188888	84818481	48186336
2	85	251	48188888	84818481	48185522
2	86	249	48188888	84818528	48184411
2	86	255	48188888	84818528	48183636
2	87	42	48188888	84818863	48186388
2	87	45	48188888	84818863	48183688
2	89	42	48188888	84818836	48186388
2	89	45	48188888	84818836	48183688
2	103	37	48188888	88636388	63888863
2	103	38	48188888	88636388	63888836
2	104	221	48188888	88634818	63884411
2	104	222	48188888	88634818	63885522
2	104	223	48188888	88634818	63883663
2	105	219	48188888	88635882	63886363
2	105	221	48188888	88635882	63884411
2	105	222	48188888	88635882	63885522
2	106	37	48188888	88633688	63888863
2	106	38	48188888	88633688	63888836
2	107	220	48188888	88638481	63886336
2	107	221	48188888	88638481	63884411
2	107	222	48188888	88638481	63885522
2	108	221	48188888	88638528	63884411
2	108	222	48188888	88638528	63885522
2	108	224	48188888	88638528	63883636
2	109	31	48188888	88638863	63886388
2	109	34	48188888	88638863	63883688
2	112	31	48188888	88638836	63886388
2	112	34	48188888	88638836	63883688
2	157	253	48188888	82852858	48183663
2	161	28	48188888	88886363	63368888
2	161	39	48188888	88886363	44118888
2	161	52	48188888	88886363	55228888
2	161	205	48188888	88886363	63365882
2	161	227	48188888	88886363	44115882
2	161	261	48188888	88886363	55225882
2	164	28	48188888	88886336	63368888
2	164	39	48188888	88886336	44118888
2	164	52	48188888	88886336	55228888
2	164	207	48188888	88886336	63368481
2	164	229	48188888	88886336	44118481
2	164	263	48188888	88886336	55228481
2	164	344	48188888	88886336	24518285
2	167	28	48188888	88884411	63368888
2	167	52	48188888	88884411	55228888
2	167	204	48188888	88884411	63364818
2	167	205	48188888	88884411	63365882
2	167	207	48188888	88884411	63368481
2	167	208	48188888	88884411	63368528
2	167	227	48188888	88884411	44115882
2	167	230	48188888	88884411	44118528
2	167	260	48188888	88884411	55224818
2	167	261	48188888	88884411	55225882
2	167	263	48188888	88884411	55228481
2	167	264	48188888	88884411	55228528
2	167	485	48188888	88884411	63364411
2	167	486	48188888	88884411	63365522
2	167	492	48188888	88884411	44115522
2	167	501	48188888	88884411	55224411
2	167	502	48188888	88884411	55225522
2	170	28	48188888	88885522	63368888
2	170	52	48188888	88885522	55228888
2	170	204	48188888	88885522	63364818
2	170	205	48188888	88885522	63365882
2	170	207	48188888	88885522	63368481
2	170	208	48188888	88885522	63368528
2	170	226	48188888	88885522	44114818
2	170	229	48188888	88885522	44118481
2	170	260	48188888	88885522	55224818
2	170	261	48188888	88885522	55225882
2	170	263	48188888	88885522	55228481
2	170	264	48188888	88885522	55228528
2	170	485	48188888	88885522	63364411
2	170	486	48188888	88885522	63365522
2	170	491	48188888	88885522	44114411
2	170	501	48188888	88885522	55224411
2	170	502	48188888	88885522	55225522
2	173	28	48188888	88883663	63368888
2	173	39	48188888	88883663	44118888
2	173	52	48188888	88883663	55228888
2	173	204	48188888	88883663	63364818
2	173	226	48188888	88883663	44114818
2	173	260	48188888	88883663	55224818
2	176	28	48188888	88883636	63368888
2	176	39	48188888	88883636	44118888
2	176	52	48188888	88883636	55228888
2	176	208	48188888	88883636	63368528
2	176	230	48188888	88883636	44118528
2	176	264	48188888	88883636	55228528
2	226	170	48188888	44114818	88885522
2	226	173	48188888	44114818	88883663
2	227	161	48188888	44115882	88886363
2	227	167	48188888	44115882	88884411
2	229	164	48188888	44118481	88886336
2	229	170	48188888	44118481	88885522
2	230	167	48188888	44118528	88884411
2	230	176	48188888	44118528	88883636
2	242	173	48188888	42152858	88883663
2	260	167	48188888	55224818	88884411
2	260	170	48188888	55224818	88885522
2	260	173	48188888	55224818	88883663
2	261	161	48188888	55225882	88886363
2	261	167	48188888	55225882	88884411
2	261	170	48188888	55225882	88885522
2	263	164	48188888	55228481	88886336
2	263	167	48188888	55228481	88884411
2	263	170	48188888	55228481	88885522
2	264	167	48188888	55228528	88884411
2	264	170	48188888	55228528	88885522
2	264	176	48188888	55228528	88883636
2	294	167	48188888	36634818	88884411
2	294	170	48188888	36634818	88885522
2	294	173	48188888	36634818	88883663
2	295	161	48188888	36635882	88886363
2	295	167	48188888	36635882	88884411
2	295	170	48188888	36635882	88885522
2	297	164	48188888	36638481	88886336
2	297	167	48188888	36638481	88884411
2	297	170	48188888	36638481	88885522
2	298	167	48188888	36638528	88884411
2	298	170	48188888	36638528	88885522
2	298	176	48188888	36638528	88883636
2	327	135	48188888	36886363	88365882
2	328	137	48188888	36886336	88368481
2	329	134	48188888	36884411	88364818
2	329	135	48188888	36884411	88365882
2	329	137	48188888	36884411	88368481
2	329	138	48188888	36884411	88368528
2	329	439	48188888	36884411	88364411
2	329	442	48188888	36884411	88365522
2	330	134	48188888	36885522	88364818
2	330	135	48188888	36885522	88365882
2	330	137	48188888	36885522	88368481
2	330	138	48188888	36885522	88368528
2	330	439	48188888	36885522	88364411
2	330	442	48188888	36885522	88365522
2	331	134	48188888	36883663	88364818
2	332	138	48188888	36883636	88368528
2	345	2	48188888	84816363	48188888
2	345	44	48188888	84816363	48185882
2	347	2	48188888	84816336	48188888
2	347	46	48188888	84816336	48188481
2	347	132	48188888	84816336	28588285
2	349	44	48188888	84814411	48185882
2	349	47	48188888	84814411	48188528
2	349	251	48188888	84814411	48185522
2	351	43	48188888	84815522	48184818
2	351	46	48188888	84815522	48188481
2	351	249	48188888	84815522	48184411
2	353	2	48188888	84813663	48188888
2	353	43	48188888	84813663	48184818
2	355	2	48188888	84813636	48188888
2	355	47	48188888	84813636	48188528
2	385	33	48188888	88636363	63885882
2	388	35	48188888	88636336	63888481
2	391	32	48188888	88634411	63884818
2	391	33	48188888	88634411	63885882
2	391	35	48188888	88634411	63888481
2	391	36	48188888	88634411	63888528
2	391	221	48188888	88634411	63884411
2	391	222	48188888	88634411	63885522
2	394	32	48188888	88635522	63884818
2	394	33	48188888	88635522	63885882
2	394	35	48188888	88635522	63888481
2	394	36	48188888	88635522	63888528
2	394	221	48188888	88635522	63884411
2	394	222	48188888	88635522	63885522
2	397	32	48188888	88633663	63884818
2	400	36	48188888	88633636	63888528
2	464	2	48188888	82852451	48188888
2	464	46	48188888	82852451	48188481
2	489	15	48188888	44116363	88885882
2	490	17	48188888	44116336	88888481
2	491	15	48188888	44114411	88885882
2	491	18	48188888	44114411	88888528
2	491	170	48188888	44114411	88885522
2	492	14	48188888	44115522	88884818
2	492	17	48188888	44115522	88888481
2	492	167	48188888	44115522	88884411
2	493	14	48188888	44113663	88884818
2	494	18	48188888	44113636	88888528
2	497	17	48188888	42152451	88888481
2	499	15	48188888	55226363	88885882
2	500	17	48188888	55226336	88888481
2	501	15	48188888	55224411	88885882
2	501	18	48188888	55224411	88888528
2	501	167	48188888	55224411	88884411
2	501	170	48188888	55224411	88885522
2	502	14	48188888	55225522	88884818
2	502	17	48188888	55225522	88888481
2	502	167	48188888	55225522	88884411
2	502	170	48188888	55225522	88885522
2	503	14	48188888	55223663	88884818
2	504	18	48188888	55223636	88888528
2	509	15	48188888	36636363	88885882
2	510	17	48188888	36636336	88888481
2	511	167	48188888	36634411	88884411
2	511	170	48188888	36634411	88885522
2	512	167	48188888	36635522	88884411
2	512	170	48188888	36635522	88885522
2	513	14	48188888	36633663	88884818
2	514	18	48188888	36633636	88888528
25	0	161	63638888	88888888	88886363
25	0	164	63638888	88888888	88886336
25	0	167	63638888	88888888	88884411
25	0	170	63638888	88888888	88885522
25	0	173	63638888	88888888	88883663
25	0	176	63638888	88888888	88883636
25	0	371	63638888	88888888	85286363
25	0	373	63638888	88888888	85286336
25	0	375	63638888	88888888	85284411
25	0	377	63638888	88888888	85285522
25	0	379	63638888	88888888	85283663
25	0	381	63638888	88888888	85283636
25	0	417	63638888	88888888	81481524
25	0	418	63638888	88888888	28481525
25	0	465	63638888	88888888	81852524
25	0	466	63638888	88888888	28852525
25	0	532	63638888	88888888	25252525
25	3	161	63638888	58828888	88886363
25	3	164	63638888	58828888	88886336
25	3	167	63638888	58828888	88884411
25	3	170	63638888	58828888	88885522
25	3	173	63638888	58828888	88883663
25	3	176	63638888	58828888	88883636
25	9	161	63638888	88588288	88886363
25	9	164	63638888	88588288	88886336
25	11	173	63638888	88848188	88883663
25	11	176	63638888	88848188	88883636
25	13	99	63638888	88886388	85288863
25	13	101	63638888	88886388	85288836
25	13	118	63638888	88886388	88481863
25	13	121	63638888	88886388	88481836
25	14	167	63638888	88884818	88884411
25	14	170	63638888	88884818	88885522
25	14	375	63638888	88884818	85284411
25	14	377	63638888	88884818	85285522
25	14	379	63638888	88884818	85283663
25	15	167	63638888	88885882	88884411
25	15	170	63638888	88885882	88885522
25	15	371	63638888	88885882	85286363
25	15	375	63638888	88885882	85284411
25	15	377	63638888	88885882	85285522
25	16	99	63638888	88883688	85288863
25	16	101	63638888	88883688	85288836
25	16	155	63638888	88883688	88852863
25	16	158	63638888	88883688	88852836
25	16	168	63638888	88883688	81884814
25	16	169	63638888	88883688	28884815
25	16	181	63638888	88883688	81888524
25	16	182	63638888	88883688	28888525
25	16	367	63638888	88883688	85252863
25	16	369	63638888	88883688	85252836
25	16	376	63638888	88883688	25284815
25	16	384	63638888	88883688	25288525
25	16	465	63638888	88883688	81852524
25	16	466	63638888	88883688	28852525
25	16	532	63638888	88883688	25252525
25	17	167	63638888	88888481	88884411
25	17	170	63638888	88888481	88885522
25	17	373	63638888	88888481	85286336
25	17	375	63638888	88888481	85284411
25	17	377	63638888	88888481	85285522
25	18	167	63638888	88888528	88884411
25	18	170	63638888	88888528	88885522
25	18	375	63638888	88888528	85284411
25	18	377	63638888	88888528	85285522
25	18	381	63638888	88888528	85283636
25	18	417	63638888	88888528	81481524
25	19	93	63638888	88888863	85286388
25	19	96	63638888	88888863	85283688
25	19	165	63638888	88888863	81886384
25	19	177	63638888	88888863	81883684
25	22	93	63638888	88888836	85286388
25	22	96	63638888	88888836	85283688
25	22	116	63638888	88888836	88481481
25	22	117	63638888	88888836	88481528
25	22	153	63638888	88888836	88852481
25	22	154	63638888	88888836	88852528
25	22	166	63638888	88888836	28886385
25	22	178	63638888	88888836	28883685
25	22	365	63638888	88888836	85252481
25	22	366	63638888	88888836	85252528
25	22	374	63638888	88888836	25286385
25	22	382	63638888	88888836	25283685
25	22	418	63638888	88888836	28481525
25	22	466	63638888	88888836	28852525
25	22	532	63638888	88888836	25252525
25	54	161	63638888	58528288	88886363
25	54	164	63638888	58528288	88886336
25	56	167	63638888	58824818	88884411
25	56	170	63638888	58824818	88885522
25	56	173	63638888	58824818	88883663
25	57	161	63638888	58825882	88886363
25	57	167	63638888	58825882	88884411
25	57	170	63638888	58825882	88885522
25	59	164	63638888	58828481	88886336
25	59	167	63638888	58828481	88884411
25	59	170	63638888	58828481	88885522
25	60	167	63638888	58828528	88884411
25	60	170	63638888	58828528	88885522
25	60	176	63638888	58828528	88883636
25	62	161	63638888	52828858	88886363
25	62	173	63638888	52828858	88883663
25	125	169	63638888	88584218	28884815
25	127	165	63638888	88588263	81886384
25	128	164	63638888	18588248	88886336
25	129	161	63638888	82588258	88886363
25	130	166	63638888	88588236	28886385
25	147	177	63638888	88848163	81883684
25	148	176	63638888	18848148	88883636
25	149	173	63638888	82848158	88883663
25	150	178	63638888	88848136	28883685
25	161	95	63638888	88886363	85285882
25	161	122	63638888	88886363	81481884
25	162	121	63638888	18886348	88481836
25	163	118	63638888	82886358	88481863
25	164	97	63638888	88886336	85288481
25	164	102	63638888	88886336	25288885
25	164	116	63638888	88886336	88481481
25	164	123	63638888	88886336	28481885
25	167	94	63638888	88884411	85284818
25	167	95	63638888	88884411	85285882
25	167	97	63638888	88884411	85288481
25	167	98	63638888	88884411	85288528
25	167	167	63638888	88884411	88884411
25	167	170	63638888	88884411	88885522
25	167	375	63638888	88884411	85284411
25	167	377	63638888	88884411	85285522
25	170	94	63638888	88885522	85284818
25	170	95	63638888	88885522	85285882
25	170	97	63638888	88885522	85288481
25	170	98	63638888	88885522	85288528
25	170	167	63638888	88885522	88884411
25	170	170	63638888	88885522	88885522
25	170	375	63638888	88885522	85284411
25	170	377	63638888	88885522	85285522
25	173	92	63638888	88883663	85252888
25	173	94	63638888	88883663	85284818
25	173	159	63638888	88883663	81852884
25	173	168	63638888	88883663	81884814
25	174	158	63638888	18883648	88852836
25	175	155	63638888	82883658	88852863
25	176	92	63638888	88883636	85252888
25	176	98	63638888	88883636	85288528
25	176	102	63638888	88883636	25288885
25	176	154	63638888	88883636	88852528
25	176	160	63638888	88883636	28852885
25	176	182	63638888	88883636	28888525
25	176	366	63638888	88883636	85252528
25	176	370	63638888	88883636	25252885
25	176	384	63638888	88883636	25288525
25	176	466	63638888	88883636	28852525
25	176	532	63638888	88883636	25252525
25	180	153	63638888	82888451	88852481
25	274	161	63638888	58525282	88886363
25	276	161	63638888	52528258	88886363
25	283	167	63638888	58824411	88884411
25	283	170	63638888	58824411	88885522
25	285	167	63638888	58825522	88884411
25	285	170	63638888	58825522	88885522
25	508	161	63638888	52525252	88886363
26	0	397	63481888	88888888	88633663
26	0	400	63481888	88888888	88633636
26	0	409	63481888	88888888	88441163
26	0	412	63481888	88888888	88441136
26	0	421	63481888	88888888	88552263
26	0	424	63481888	88888888	88552236
26	11	118	63481888	88848188	88481863
26	11	121	63481888	88848188	88481836
26	13	109	63481888	88886388	88638863
26	13	112	63481888	88886388	88638836
26	19	115	63481888	88888863	88441188
26	19	124	63481888	88888863	88552288
26	19	360	63481888	88888863	85245182
26	19	401	63481888	88888863	81633684
26	19	413	63481888	88888863	81441184
26	19	425	63481888	88888863	81552284
26	20	400	63481888	18888848	88633636
26	20	412	63481888	18888848	88441136
26	20	424	63481888	18888848	88552236
26	21	397	63481888	82888858	88633663
26	21	409	63481888	82888858	88441163
26	21	421	63481888	82888858	88552263
26	22	115	63481888	88888836	88441188
26	22	124	63481888	88888836	88552288
26	22	402	63481888	88888836	28633685
26	22	414	63481888	88888836	28441185
26	22	426	63481888	88888836	28552285
26	60	121	63481888	58828528	88481836
26	139	177	63481888	88368863	81883684
26	142	178	63481888	88368836	28883685
26	147	95	63481888	88848163	85285882
26	147	122	63481888	88848163	81481884
26	148	121	63481888	18848148	88481836
26	149	118	63481888	82848158	88481863
26	150	123	63481888	88848136	28481885
26	161	113	63481888	88886363	81638884
26	162	112	63481888	18886348	88638836
26	163	109	63481888	82886358	88638863
26	164	114	63481888	88886336	28638885
29	0	409	63848188	88888888	88441163
29	0	412	63848188	88888888	88441136
29	0	421	63848188	88888888	88552263
29	0	424	63848188	88888888	88552236
29	0	433	63848188	88888888	88366363
29	0	436	63848188	88888888	88366336
29	8	147	63848188	88481888	88848163
29	8	150	63848188	88481888	88848136
29	16	139	63848188	88883688	88368863
29	16	142	63848188	88883688	88368836
29	19	115	63848188	88888863	88441188
29	19	124	63848188	88888863	88552288
29	19	413	63848188	88888863	81441184
29	19	425	63848188	88888863	81552284
29	19	437	63848188	88888863	81366384
29	20	412	63848188	18888848	88441136
29	20	424	63848188	18888848	88552236
29	20	436	63848188	18888848	88366336
29	21	409	63848188	82888858	88441163
29	21	421	63848188	82888858	88552263
29	21	433	63848188	82888858	88366363
29	22	115	63848188	88888836	88441188
29	22	124	63848188	88888836	88552288
29	22	414	63848188	88888836	28441185
29	22	426	63848188	88888836	28552285
29	22	438	63848188	88888836	28366385
29	109	165	63848188	88638863	81886384
29	112	166	63848188	88638836	28886385
29	118	151	63848188	88481863	81848184
29	119	150	63848188	18481848	88848136
29	120	147	63848188	82481858	88848163
29	121	152	63848188	88481836	28848185
29	173	143	63848188	88883663	81368884
29	174	142	63848188	18883648	88368836
29	175	139	63848188	82883658	88368863
29	176	144	63848188	88883636	28368885
31	0	109	63886388	88888888	88638863
31	0	112	63886388	88888888	88638836
31	0	235	63886388	88888888	48148163
31	0	237	63886388	88888888	48148136
31	0	241	63886388	88888888	48152863
31	0	243	63886388	88888888	48152836
31	0	495	63886388	88888888	41144114
31	0	498	63886388	88888888	41152524
31	3	109	63886388	58828888	88638863
31	3	112	63886388	58828888	88638836
31	7	147	63886388	88638888	88848163
31	7	150	63886388	88638888	88848136
31	7	168	63886388	88638888	81884814
31	7	169	63886388	88638888	28884815
31	7	181	63886388	88638888	81888524
31	7	182	63886388	88638888	28888525
31	7	235	63886388	88638888	48148163
31	7	237	63886388	88638888	48148136
31	7	250	63886388	88638888	41184814
31	7	258	63886388	88638888	41188524
31	7	457	63886388	88638888	81844114
31	7	458	63886388	88638888	28844115
31	7	495	63886388	88638888	41144114
31	8	139	63886388	88481888	88368863
31	54	109	63886388	58528288	88638863
31	54	112	63886388	58528288	88638836
31	57	109	63886388	58825882	88638863
31	59	112	63886388	58828481	88638836
31	109	40	63886388	88638863	48148188
31	109	43	63886388	88638863	48184818
31	109	51	63886388	88638863	41188884
31	109	151	63886388	88638863	81848184
31	109	233	63886388	88638863	48144118
31	109	238	63886388	88638863	41148184
31	109	495	63886388	88638863	41144114
31	110	150	63886388	18638848	88848136
31	111	147	63886388	82638858	88848163
31	112	40	63886388	88638836	48148188
31	112	47	63886388	88638836	48188528
31	112	152	63886388	88638836	28848185
31	120	139	63886388	82481858	88368863
31	274	109	63886388	58525282	88638863
31	508	109	63886388	52525252	88638863
32	0	388	63884818	88888888	88636336
32	0	391	63884818	88888888	88634411
32	0	394	63884818	88888888	88635522
32	0	436	63884818	88888888	88366336
32	0	439	63884818	88888888	88364411
32	0	442	63884818	88888888	88365522
32	3	388	63884818	58828888	88636336
32	3	391	63884818	58828888	88634411
32	3	394	63884818	58828888	88635522
32	5	436	63884818	84818888	88366336
32	5	439	63884818	84818888	88364411
32	5	442	63884818	84818888	88365522
32	7	167	63884818	88638888	88884411
32	7	170	63884818	88638888	88885522
32	7	247	63884818	88638888	48186336
32	7	249	63884818	88638888	48184411
32	7	251	63884818	88638888	48185522
32	10	167	63884818	88368888	88884411
32	10	170	63884818	88368888	88885522
32	10	373	63884818	88368888	85286336
32	10	375	63884818	88368888	85284411
32	10	377	63884818	88368888	85285522
32	16	112	63884818	88883688	88638836
32	58	112	63884818	58823688	88638836
32	107	43	63884818	88638481	48184818
32	109	42	63884818	88638863	48186388
32	137	94	63884818	88368481	85284818
32	139	93	63884818	88368863	85286388
33	0	391	63885882	88888888	88634411
33	0	394	63885882	88888888	88635522
33	0	400	63885882	88888888	88633636
33	0	439	63885882	88888888	88364411
33	0	442	63885882	88888888	88365522
33	0	448	63885882	88888888	88363636
33	3	391	63885882	58828888	88634411
33	3	394	63885882	58828888	88635522
33	3	400	63885882	58828888	88633636
33	5	439	63885882	84818888	88364411
33	5	442	63885882	84818888	88365522
33	5	448	63885882	84818888	88363636
33	7	167	63885882	88638888	88884411
33	7	170	63885882	88638888	88885522
33	7	249	63885882	88638888	48184411
33	7	251	63885882	88638888	48185522
33	7	255	63885882	88638888	48183636
33	10	167	63885882	88368888	88884411
33	10	170	63885882	88368888	88885522
33	10	375	63885882	88368888	85284411
33	10	377	63885882	88368888	85285522
33	10	381	63885882	88368888	85283636
33	10	417	63885882	88368888	81481524
33	13	112	63885882	88886388	88638836
33	55	112	63885882	58826388	88638836
33	108	44	63885882	88638528	48185882
33	109	45	63885882	88638863	48183688
33	138	95	63885882	88368528	85285882
33	138	122	63885882	88368528	81481884
33	139	96	63885882	88368863	85283688
34	0	112	63883688	88888888	88638836
34	3	112	63883688	58828888	88638836
34	60	112	63883688	58828528	88638836
34	109	44	63883688	88638863	48185882
34	109	51	63883688	88638863	41188884
34	109	131	63883688	88638863	81588284
34	112	46	63883688	88638836	48188481
34	112	132	63883688	88638836	28588285
39	0	245	44118888	88888888	48186363
39	0	247	44118888	88888888	48186336
39	0	253	44118888	88888888	48183663
39	0	255	44118888	88888888	48183636
39	0	279	44118888	88888888	58826363
39	0	281	44118888	88888888	58826336
39	0	283	44118888	88888888	58824411
39	0	285	44118888	88888888	58825522
39	0	287	44118888	88888888	58823663
39	0	289	44118888	88888888	58823636
39	0	489	44118888	88888888	44116363
39	0	490	44118888	88888888	44116336
39	0	499	44118888	88888888	55226363
39	0	500	44118888	88888888	55226336
39	0	501	44118888	88888888	55224411
39	0	502	44118888	88888888	55225522
39	3	167	44118888	58828888	88884411
39	3	170	44118888	58828888	88885522
39	13	231	44118888	88886388	44118863
39	13	232	44118888	88886388	44118836
39	13	265	44118888	88886388	55228863
39	13	266	44118888	88886388	55228836
39	14	251	44118888	88884818	48185522
39	14	253	44118888	88884818	48183663
39	14	283	44118888	88884818	58824411
39	14	285	44118888	88884818	58825522
39	14	287	44118888	88884818	58823663
39	14	351	44118888	88884818	84815522
39	14	353	44118888	88884818	84813663
39	14	375	44118888	88884818	85284411
39	14	377	44118888	88884818	85285522
39	14	379	44118888	88884818	85283663
39	14	492	44118888	88884818	44115522
39	14	493	44118888	88884818	44113663
39	14	501	44118888	88884818	55224411
39	14	502	44118888	88884818	55225522
39	14	503	44118888	88884818	55223663
39	15	245	44118888	88885882	48186363
39	15	249	44118888	88885882	48184411
39	15	279	44118888	88885882	58826363
39	15	283	44118888	88885882	58824411
39	15	285	44118888	88885882	58825522
39	15	345	44118888	88885882	84816363
39	15	349	44118888	88885882	84814411
39	15	371	44118888	88885882	85286363
39	15	375	44118888	88885882	85284411
39	15	377	44118888	88885882	85285522
39	15	489	44118888	88885882	44116363
39	15	491	44118888	88885882	44114411
39	15	499	44118888	88885882	55226363
39	15	501	44118888	88885882	55224411
39	15	502	44118888	88885882	55225522
39	19	225	44118888	88888863	44116388
39	19	228	44118888	88888863	44113688
39	19	259	44118888	88888863	55226388
39	19	262	44118888	88888863	55223688
39	43	170	44118888	48184818	88885522
39	44	167	44118888	48185882	88884411
39	46	170	44118888	48188481	88885522
39	47	167	44118888	48188528	88884411
39	52	167	44118888	55228888	88884411
39	52	170	44118888	55228888	88885522
39	56	170	44118888	58824818	88885522
39	57	167	44118888	58825882	88884411
39	59	170	44118888	58828481	88885522
39	60	167	44118888	58828528	88884411
39	161	39	44118888	88886363	44118888
39	161	44	44118888	88886363	48185882
39	161	52	44118888	88886363	55228888
39	161	57	44118888	88886363	58825882
39	161	83	44118888	88886363	84815882
39	161	95	44118888	88886363	85285882
39	161	227	44118888	88886363	44115882
39	161	261	44118888	88886363	55225882
39	164	39	44118888	88886336	44118888
39	164	46	44118888	88886336	48188481
39	164	59	44118888	88886336	58828481
39	164	85	44118888	88886336	84818481
39	164	97	44118888	88886336	85288481
39	164	229	44118888	88886336	44118481
39	164	263	44118888	88886336	55228481
39	167	44	44118888	88884411	48185882
39	167	47	44118888	88884411	48188528
39	167	52	44118888	88884411	55228888
39	167	56	44118888	88884411	58824818
39	167	57	44118888	88884411	58825882
39	167	59	44118888	88884411	58828481
39	167	60	44118888	88884411	58828528
39	167	227	44118888	88884411	44115882
39	167	251	44118888	88884411	48185522
39	167	260	44118888	88884411	55224818
39	167	261	44118888	88884411	55225882
39	167	283	44118888	88884411	58824411
39	167	285	44118888	88884411	58825522
39	167	492	44118888	88884411	44115522
39	167	501	44118888	88884411	55224411
39	167	502	44118888	88884411	55225522
39	170	43	44118888	88885522	48184818
39	170	46	44118888	88885522	48188481
39	170	56	44118888	88885522	58824818
39	170	57	44118888	88885522	58825882
39	170	59	44118888	88885522	58828481
39	170	60	44118888	88885522	58828528
39	170	226	44118888	88885522	44114818
39	170	249	44118888	88885522	48184411
39	170	260	44118888	88885522	55224818
39	170	261	44118888	88885522	55225882
39	170	283	44118888	88885522	58824411
39	170	285	44118888	88885522	58825522
39	170	491	44118888	88885522	44114411
39	170	501	44118888	88885522	55224411
39	170	502	44118888	88885522	55225522
39	226	170	44118888	44114818	88885522
39	227	167	44118888	44115882	88884411
39	249	170	44118888	48184411	88885522
39	251	167	44118888	48185522	88884411
39	260	170	44118888	55224818	88885522
39	261	167	44118888	55225882	88884411
39	491	170	44118888	44114411	88885522
39	492	167	44118888	44115522	88884411
39	501	170	44118888	55224411	88885522
39	502	167	44118888	55225522	88884411
40	0	219	48148188	88888888	63886363
40	0	220	48148188	88888888	63886336
40	0	483	48148188	88888888	63366363
40	0	484	48148188	88888888	63366336
40	4	433	48148188	36888888	88366363
40	4	436	48148188	36888888	88366336
40	7	219	48148188	88638888	63886363
40	7	220	48148188	88638888	63886336
40	16	209	48148188	88883688	63368863
40	16	210	48148188	88883688	63368836
40	19	203	48148188	88888863	63366388
40	22	203	48148188	88888836	63366388
41	0	219	48152888	88888888	63886363
41	0	220	48152888	88888888	63886336
41	0	527	48152888	88888888	24514215
41	19	199	48152888	88888863	63584218
41	22	348	48152888	88888836	24816385
41	77	125	48152888	36888863	88584218
43	0	484	48184818	88888888	63366336
43	0	485	48184818	88888888	63364411
43	0	486	48184818	88888888	63365522
43	0	492	48184818	88888888	44115522
43	0	502	48184818	88888888	55225522
43	4	436	48184818	36888888	88366336
43	4	439	48184818	36888888	88364411
43	4	442	48184818	36888888	88365522
43	5	247	48184818	84818888	48186336
43	5	251	48184818	84818888	48185522
43	7	220	48184818	88638888	63886336
43	7	221	48184818	88638888	63884411
43	7	222	48184818	88638888	63885522
44	0	485	48185882	88888888	63364411
44	0	486	48185882	88888888	63365522
44	0	488	48185882	88888888	63363636
44	0	491	48185882	88888888	44114411
44	0	501	48185882	88888888	55224411
44	4	439	48185882	36888888	88364411
44	4	442	48185882	36888888	88365522
44	4	448	48185882	36888888	88363636
44	5	249	48185882	84818888	48184411
44	5	255	48185882	84818888	48183636
44	7	221	48185882	88638888	63884411
44	7	222	48185882	88638888	63885522
44	7	224	48185882	88638888	63883636
46	0	485	48188481	88888888	63364411
46	0	486	48188481	88888888	63365522
46	0	487	48188481	88888888	63363663
46	0	492	48188481	88888888	44115522
46	0	502	48188481	88888888	55225522
46	0	527	48188481	88888888	24514215
46	4	439	48188481	36888888	88364411
46	4	442	48188481	36888888	88365522
46	4	445	48188481	36888888	88363663
46	5	251	48188481	84818888	48185522
46	5	253	48188481	84818888	48183663
46	5	428	48188481	84818888	28584215
46	7	221	48188481	88638888	63884411
46	7	222	48188481	88638888	63885522
46	7	223	48188481	88638888	63883663
46	12	201	48188481	88852888	63588263
46	82	132	48188481	84814818	28588285
46	157	46	48188481	82852858	48188481
47	0	483	48188528	88888888	63366363
47	0	485	48188528	88888888	63364411
47	0	486	48188528	88888888	63365522
47	0	491	48188528	88888888	44114411
47	0	501	48188528	88888888	55224411
47	4	433	48188528	36888888	88366363
47	4	439	48188528	36888888	88364411
47	4	442	48188528	36888888	88365522
47	5	245	48188528	84818888	48186363
47	5	249	48188528	84818888	48184411
47	7	219	48188528	88638888	63886363
47	7	221	48188528	88638888	63884411
47	7	222	48188528	88638888	63885522
185	0	367	63636388	88888888	85252863
185	0	369	63636388	88888888	85252836
185	0	376	63636388	88888888	25284815
185	0	384	63636388	88888888	25288525
185	0	465	63636388	88888888	81852524
185	0	466	63636388	88888888	28852525
185	0	532	63636388	88888888	25252525
185	22	366	63636388	88888836	85252528
185	22	370	63636388	88888836	25252885
185	22	384	63636388	88888836	25288525
185	22	466	63636388	88888836	28852525
185	22	532	63636388	88888836	25252525
186	0	373	63634818	88888888	85286336
186	0	375	63634818	88888888	85284411
186	0	377	63634818	88888888	85285522
187	0	375	63635882	88888888	85284411
187	0	377	63635882	88888888	85285522
187	0	381	63635882	88888888	85283636
187	0	417	63635882	88888888	81481524
189	0	375	63638481	88888888	85284411
189	0	377	63638481	88888888	85285522
189	0	379	63638481	88888888	85283663
190	0	371	63638528	88888888	85286363
190	0	375	63638528	88888888	85284411
190	0	377	63638528	88888888	85285522
193	0	409	63441188	88888888	88441163
193	0	412	63441188	88888888	88441136
193	0	421	63441188	88888888	88552263
193	0	424	63441188	88888888	88552236
193	19	413	63441188	88888863	81441184
193	19	425	63441188	88888863	81552284
193	20	412	63441188	18888848	88441136
193	20	424	63441188	18888848	88552236
193	21	409	63441188	82888858	88441163
193	21	421	63441188	82888858	88552263
193	22	414	63441188	88888836	28441185
193	22	426	63441188	88888836	28552285
195	0	361	63481528	88888888	85248163
221	7	249	63884411	88638888	48184411
221	7	251	63884411	88638888	48185522
221	10	375	63884411	88368888	85284411
221	10	377	63884411	88368888	85285522
226	0	251	44114818	88888888	48185522
226	0	283	44114818	88888888	58824411
226	0	285	44114818	88888888	58825522
226	0	351	44114818	88888888	84815522
226	0	375	44114818	88888888	85284411
226	0	377	44114818	88888888	85285522
226	0	490	44114818	88888888	44116336
226	0	492	44114818	88888888	44115522
226	0	500	44114818	88888888	55226336
226	0	501	44114818	88888888	55224411
226	0	502	44114818	88888888	55225522
226	17	260	44114818	88888481	55224818
227	0	283	44115882	88888888	58824411
227	0	375	44115882	88888888	85284411
227	0	491	44115882	88888888	44114411
227	0	494	44115882	88888888	44113636
227	0	501	44115882	88888888	55224411
227	0	502	44115882	88888888	55225522
227	0	504	44115882	88888888	55223636
233	0	484	48144118	88888888	63366336
239	0	350	48152481	88888888	24814815
239	0	527	48152481	88888888	24514215
473	0	532	63636363	88888888	25252525
491	0	492	44114411	88888888	44115522
491	0	502	44114411	88888888	55225522
492	0	501	44115522	88888888	55224411
497	0	527	42152451	88888888	24514215
